13299.2848	13.985	29866	2002	48.5
13239.1329	13.981	73177	1982	56.9
13218.1503	13.981	130733	1985	80
13198.2151	13.984	21017	1999	67.6
13196.1874	13.984	173117	2000	80
11653.1724	16.265	58872	2324	60.5
10644.3606	16.26	50509	2302	56.3
9664.3939	16.28	73105	2372	79
8859.4841	16.262	67076	2310	99.7
8836.3978	16.261	225297	2305	100
8517.6882	16.274	31028	2358	75.6
8422.1648	16.437	28410	2700	60
7651.7166	16.222	76409	2215	80
6916.2577	15.923	14019	2061	55.7
6894.2825	15.937	8180	2072	31.8
6892.2661	15.921	60254	2057	80
6887.2524	15.926	83335	2064	69.8
6871.2959	15.923	12486	2059	32
6870.2876	15.922	116883	2058	80
6849.3123	15.923	187944	2060	78.9
6848.3103	15.924	1242156	2062	100
6766.0726	15.948	30380	2078	78.9
6761.065	15.944	40917	2074	61
6744.0799	15.947	69276	2077	80
6724.0416	13.897	43286	1941	54.1
6723.0938	15.945	50816	2075	80.2
6722.1497	14.057	51047	2028	60
6722.1076	15.946	850148	2076	89.8
6720.0509	13.971	44034	1968	44.9
6700.2011	13.998	7480	2014	37.8
6696.0228	13.978	437087	1975	76.3
6676.0248	13.799	22917	1889	37.1
6674.0126	13.974	192157	1972	73.2
6673.0612	13.952	81796	1964	59.3
6658.056	13.982	71414	1986	59.3
6657.0851	13.811	34510	1915	60
6657.0485	13.973	2849399	1970	80
6656.094	13.987	112456	2006	60
6642.1293	14.246	15106	2043	35.3
6642.124	14.343	18689	2051	40.3
6642.0673	13.796	417243	1881	87
6639.0764	14.311	18293	2049	48.2
6635.0582	13.984	2562874	1998	100
6630.1207	13.769	84800	1872	55.1
6630.1136	14.358	14095	2052	61.9
6629.1272	13.792	311136	1878	68.4
6626.1127	14.154	26511	2036	78.9
6626.0779	14.304	31235	2048	46
6625.0955	14.299	115965	2047	75.8
6619.0967	13.983	525155	1991	98.5
6619.093	13.8	122806	1892	98.3
6617.1288	13.987	327749	2007	80
6616.1007	13.983	494548	1990	80
6615.0945	13.984	1709988	1996	80
6615.0711	13.763	16422	1867	36.1
6613.1303	14.149	12336	2034	51.1
6606.1112	13.761	33153	1866	76.7
6599.1001	13.621	198998	1811	60
6598.1167	13.8	6805897	1890	87
6597.1201	14.253	98242	2044	60
6597.1125	13.985	60627484	2003	100
6597.1015	13.798	3494051	1887	87
6596.0976	13.984	30656034	1997	80
6584.223	15.928	135669	2068	69.9
6547.1201	13.56	56364	1803	62.9
6547.1158	13.427	55006	1788	66.8
6546.1001	13.562	58752	1804	77.7
6546.082	13.894	38988	1940	72.5
6545.0801	13.889	72791	1938	77.1
6543.0378	13.945	26424	1959	54.3
6542.0342	13.902	57242	1946	59.4
6528.0714	13.98	92596	1981	71
6526.0649	13.901	58525	1945	79.5
6515.8566	15.926	19197	2063	60
6509.8729	15.927	56262	2066	93.7
6504.0806	13.9	42773	1942	79.2
6503.0837	13.775	14137	1874	60
6503.0812	13.929	633677	1952	80
6499.0277	13.93	648900	1953	80
6492.8752	15.927	57455	2067	80
6486.0779	13.975	77991	1973	60
6472.9072	15.929	51562	2070	99.6
6472.9004	15.786	32165	2054	39.2
6471.9034	15.649	41175	2053	49.5
6471.8988	15.929	57807	2069	98.1
6470.9081	15.926	620502	2065	100
6466.0736	13.777	40957	1875	75.1
6463.0617	13.806	93803	1904	80
6462.0506	13.979	919979	1977	80
6433.8555	12.044	17745	1610	52.9
6412.8615	12.052	122310	1613	69.4
6410.877	12.116	30437	1621	65.1
6396.8804	12.038	98918	1606	78.1
6388.9034	12.135	115237	1625	60
6375.9815	13.981	95765	1984	79.6
6375.9123	12.051	18535	1612	66
6373.8947	12.04	497684	1608	80
6370.9885	13.979	86418	1976	76.5
6369.9841	13.979	344650	1979	80
6355.0054	13.979	31177	1980	60
6354.0071	13.976	405842	1974	80
6347.9078	12.034	33274	1604	47.8
6345.9526	13.973	93326	1969	60
6334.035	13.807	29331	1905	64.1
6332.0263	13.797	153363	1884	69.6
6332.0201	13.979	1541470	1978	100
6331.0131	13.982	3561158	1989	80
6315.0238	13.938	51787	1956	68.7
6313.0111	13.905	81346	1948	80
6307.9975	13.891	40610	1939	38
6307.0188	13.947	78158	1960	80
6291.0544	13.9	73419	1944	72.2
6291.0324	13.956	49207	1965	75
6290.0238	13.912	198644	1951	78.8
6270.0564	13.949	55005	1961	80
6270.046	13.748	15254	1860	63.2
6269.0503	13.755	13565	1864	60.8
6269.0491	13.94	78949	1957	75.8
6268.0571	13.936	2514888	1954	95.7
6268.0549	13.768	66826	1870	76.5
6255.1656	15.919	18944	2056	47.6
6253.0601	13.941	129079	1958	60
6046.9321	13.816	60026	1922	80
6040.9262	13.813	134653	1918	80
6025.959	13.81	38039	1912	60
6024.9444	13.821	170028	1925	80
6004.965	13.628	67492	1818	74
6003.987	13.822	46574	1926	61.2
6002.9756	13.816	2147847	1919	88.6
5984.9595	13.764	58122	1868	69.8
5982.9436	13.63	45571	1820	77.1
5978.9553	13.625	38400	1815	41.5
5960.9775	13.62	132407	1810	80
5940	13.623	81055	1812	94.8
5939.0021	13.618	919334	1809	80
5856.0914	13.992	47610	2010	39.8
5724.8669	13.739	24776	1855	75.1
5702.8844	13.738	98329	1853	100
5696.8756	13.748	76592	1859	95.4
5695.8752	13.746	180606	1858	73
5679.9052	13.738	347219	1854	98
5657.9712	13.52	28853	1797	54.8
5657.9243	13.742	2608610	1856	100
5657.9232	13.556	251479	1801	69.6
5656.9054	13.67	16829	1836	59.9
5656.0205	13.751	193457	1862	80
5649.8966	13.022	29738	1705	60
5641.9317	13.687	21465	1840	62.9
5640.9107	13.628	30304	1819	41.1
5639.9065	13.63	74111	1822	69.6
5631.9256	13.028	96649	1709	80
5611.9442	13.027	31012	1708	60
5610.9511	13.025	258433	1706	78.4
5610.9455	12.811	30111	1665	31.2
5609.9688	12.806	51999	1663	60
5609.9509	13.027	550752	1707	100
5418.8406	13.696	19442	1846	52.1
5395.8539	13.692	87645	1843	80
5390.8373	13.689	25388	1842	60
5389.8462	13.698	72024	1848	77.3
5374.8771	13.511	26780	1794	60
5373.8727	13.684	181988	1839	100
5353.8994	13.467	56780	1791	85.1
5352.902	13.642	13990	1833	60
5352.9001	13.504	103309	1793	65
5352.8953	13.708	31244	1849	51.5
5351.896	13.695	2110248	1845	100
5348.8622	12.956	59766	1689	72.2
5343.8395	12.974	10756	1698	65.4
5326.8836	12.955	139364	1688	80
5305.921	12.769	20244	1660	38.5
5305.903	12.95	67367	1685	79.1
5304.9018	12.95	1145236	1684	100
5183.9996	16.33	17121	2445	100
5099.7861	13.631	18934	1825	39.7
5093.7752	13.63	12788	1823	54.7
5076.7973	13.627	95367	1817	80
5071.7828	13.633	52684	1828	99.4
5070.7826	13.635	70830	1831	73.9
5055.8196	13.435	31669	1790	60
5054.8185	13.631	258789	1826	100
5038.8211	13.085	36112	1725	57.8
5038.8117	13.131	17948	1735	60
5033.8304	13.63	258449	1824	80
5032.8422	13.431	190218	1789	91.6
5032.84	13.633	1907945	1829	100
5022.8426	13.091	223630	1729	100
5014.9299	13.556	63777	1802	62.5
5014.8137	13.534	42552	1799	60
5001.8682	13.087	224113	1727	91.5
4999.8628	13.09	1603456	1728	100
4999.8456	12.917	13780	1678	35.4
4999.8407	13.111	29685	1731	54.9
4955.9935	15.937	10228	2071	51.4
4943.7751	16.187	30179	2177	100
4872.0628	16.237	80855	2240	80
4862.1907	16.246	59277	2260	80
4828.801	15.951	11892	2079	35.5
4791.712	13.4	23777	1781	60
4786.6949	13.391	11609	1772	31.7
4769.7297	13.396	78093	1779	78.9
4763.7206	13.389	46095	1771	71.3
4748.7504	13.403	11447	1782	32
4741.7332	13.391	318797	1773	100
4735.7803	13.134	8743	1736	39.7
4728.7745	13.393	187155	1775	100
4726.7748	13.384	42710	1770	53.3
4725.7659	13.394	135245	1776	80
4725.7655	13.174	46711	1740	63.1
4709.7723	13.266	29256	1750	77.2
4706.799	13.354	46070	1767	77
4706.7918	13.419	61393	1783	87
4704.7925	13.177	34868	1743	58.2
4703.7869	13.175	540079	1741	68.9
4703.7861	13.394	4110706	1777	88.3
4685.7715	13.254	389977	1749	100
4656.3681	16.218	121915	2209	76.7
4654.8165	12.976	1028627	1699	100
4575.9151	16.163	91424	2140	57.8
4535.8357	16.219	32361	2210	75.5
4463.694	13.312	33751	1758	60
4447.9433	16.237	45578	2243	100
4443.7258	13.315	53708	1759	100
4435.7065	13.323	146275	1764	67.8
4420.7423	13.317	227602	1760	100
4419.7436	13.117	26146	1733	34.1
4419.7381	13.32	101176	1763	97.3
4409.9421	16.156	24709	2131	60
4404.0828	13.816	55216	1921	62.5
4401.7552	13.153	22653	1738	60
4400.7682	13.082	56032	1723	71.4
4397.7599	13.32	2867370	1762	100
4397.7578	13.078	185091	1721	80.4
4397.7566	13.102	92544	1730	60
4392.7366	12.737	35527	1655	64.4
4379.7496	13.205	24804	1744	31
4379.7463	13.175	222654	1742	96.2
4375.734	13.285	48772	1755	100
4371.7676	12.773	16834	1661	64.7
4370.7662	12.738	109960	1656	94
4349.788	12.745	115897	1658	89.9
4348.7878	12.747	1061149	1659	100
4135.6948	13.271	41119	1751	54.3
4113.7134	13.279	193351	1753	100
4091.7361	13.283	1855682	1754	100
4091.731	13.041	117218	1716	60
4068.7067	13.216	26054	1745	30.8
4061.6838	12.659	33516	1645	67.5
4045.6935	12.813	16275	1666	32
3947.8118	16.243	48677	2253	30.8
3916.5732	15.944	13165	2073	35.5
3899.5207	16.351	64045	2531	100
3871.5358	13.983	198834	1992	96.2
3828.6218	12.964	24876	1696	60
3806.6418	12.96	115844	1693	100
3800.6301	12.957	56296	1691	73.1
3784.6602	12.958	97268	1692	100
3784.6485	12.699	27220	1647	68.6
3779.7953	16.232	20430	2226	39.9
3765.6829	12.727	53171	1652	79.1
3763.6837	12.956	53775	1690	78.8
3763.6828	12.696	52701	1646	100
3762.683	12.962	2817838	1695	100
3762.6809	12.7	356848	1648	91.6
3744.67	12.731	375573	1653	100
3710.5703	16.224	42227	2218	73.8
3568.7507	16.485	68482	2763	80
3501.6016	12.862	62589	1668	100
3479.6191	12.879	205145	1671	80
3479.6129	12.604	19199	1642	78.3
3461.6173	12.705	24061	1649	41.3
3460.6455	12.793	36342	1662	66.9
3457.6396	12.878	1149319	1669	100
3457.6391	12.603	130964	1641	80
3440.6317	12.735	42018	1654	56.9
3360.6388	16.356	35922	2541	31.9
3319.5331	13.802	148803	1893	87
3318.5313	14.254	22661	2045	38.4
3318.5279	13.796	73269	1882	87
3313.0578	14.235	11530	2042	60
3310.0492	13.812	23939	1916	53.1
3302.5617	13.8	52405	1891	57.2
3299.0563	13.624	52098	1814	60
3192.4205	16.245	28630	2257	88.3
3187.4514	12.042	238129	1609	92.8
3186.9502	12.087	50157	1619	60
3174.5765	12.932	179880	1679	100
3168.8822	16.214	154947	2203	80
3166.5165	14.192	9504	2039	53.9
3166.5106	13.688	10059	1841	60
3153.6002	12.939	80635	1683	92.6
3152.5974	12.934	746862	1681	100
3152.5962	12.629	100841	1644	77.7
3146.0222	13.937	66986	1955	65.4
3105.5692	12.037	31789	1605	72.9
3056.7169	16.569	8349	2849	45.5
3001.9924	13.632	94124	1827	82.3
2970.9986	13.615	13492	1807	61.2
2970.0003	13.423	86532	1785	77.8
2968.685	17.325	15290	2925	32.3
2938.4636	16.559	10599	2842	33.4
2928.5111	16.386	18048	2578	79.4
2912.5812	16.359	9173	2544	37.1
2911.4762	12.375	30820	1632	93.8
2905.4572	12.377	5716	1633	30.6
2901.8682	12.878	11705	1670	52.4
2889.4908	12.378	73451	1635	100
2883.4756	12.383	20644	1638	63.2
2871.482	12.046	12771	1611	43.9
2867.5081	12.383	172485	1637	100
2861.4918	12.378	40675	1634	44
2849.4987	12.055	60977	1617	80
2848.4446	13.697	33858	1847	76.1
2845.5265	12.384	383768	1639	100
2845.5238	12.21	10186	1631	39.4
2845.5203	12.008	31203	1603	60
2844.4878	12.13	20874	1623	45
2838.4712	13.596	9422	1805	58.8
2830.9636	13.754	17061	1863	69.3
2830.4347	13.749	31856	1861	51.7
2826.5512	12.052	142301	1614	80
2825.5504	12.144	15883	1626	30.1
2824.5447	12.172	23607	1629	75.1
2823.5455	12.38	2149383	1636	100
2806.5376	12.129	22090	1622	77.8
2805.9763	13.033	21529	1713	53.3
2805.5347	12.065	904869	1618	100
2725.5686	13.983	282832	1994	100
2696.4428	13.679	9701	1837	53.5
2687.8394	16.219	19742	2211	80
2676.4517	13.684	33650	1838	73.3
2675.9488	13.714	28732	1850	51.2
2666.9452	13.624	102335	1813	85.8
2655.9166	16.433	7537	2692	30.5
2653.4574	12.912	29219	1676	78.9
2652.9534	12.952	83007	1687	98.8
2598.876	16.253	14309	2281	75.3
2519.4062	13.12	12159	1734	37.7
2519.4055	13.014	5846	1703	35.1
2516.4388	13.358	27935	1769	61.8
2515.9043	13.392	17621	1774	33.1
2509.1224	12.904	135765	1672	62
2500.431	13.073	29460	1720	47.5
2499.9338	13.032	19068	1711	73.1
2494.4881	12.133	10419	1624	50.9
2388.0484	16.238	25652	2244	54
2352.3948	13.32	26844	1761	57.3
2351.8414	13.224	16369	1747	59.2
2303.9954	16.268	11194	2343	36.4
2292.532	16.345	42108	2507	60
2288.0261	16.348	11571	2520	68.2
2286.3886	16.349	28081	2523	30.6
2278.9055	16.393	24792	2594	79.7
2242.3366	13.967	23880	1967	53.6
2241.3442	13.802	7708	1894	32.2
2234.6719	14.052	35616	2025	69.6
2234.0181	13.808	20528	1908	69.5
2232.6837	13.804	36692	1899	60
2231.923	16.264	228024	2317	80
2229.3443	14.043	58735	2018	52.6
2229.3439	13.9	68666	1943	50.6
2228.3492	14.172	20683	2037	45
2227.6746	13.804	58275	1898	60
2227.0097	14.188	7641	2038	41.3
2226.0155	14.048	44831	2021	54
2225.002	14.052	25348	2024	80
2224.6773	14.045	28763	2019	87.4
2223.6911	14.052	19860	2023	72.6
2221.3623	13.335	17254	1766	31.6
2219.0309	13.911	20058	1950	34.3
2214.0286	14.342	7772	2050	37.1
2213.7022	14.196	26934	2040	30.6
2212.9535	16.338	24044	2480	71.7
2212.3507	13.974	846075	1971	80
2211.6984	13.769	91671	1871	69.6
2211.696	13.798	23534	1885	76
2211.3718	13.804	61647	1900	69.6
2211.0429	13.808	62607	1909	69.6
2210.3755	13.328	25551	1765	46.9
2210.0404	13.982	1394575	1988	80
2209.7044	13.988	1338546	2008	93.1
2208.7022	14.148	42039	2033	57.9
2208.0381	14.153	47894	2035	55.6
2208.0344	13.806	35513	1903	66.4
2206.3629	13.793	372298	1879	87
2206.0374	13.798	317078	1886	69.6
2206.0351	13.991	2569860	2009	80
2205.7019	13.986	2866065	2004	80
2205.3665	13.994	1518242	2011	80
2202.373	13.836	41378	1928	52
2199.8849	16.189	23267	2180	54
2199.6992	14.276	6246	2046	32.5
2199.3699	14.201	24482	2041	33.7
2199.3696	13.615	101322	1808	40.7
2198.8728	13.039	12720	1715	47.5
2193.8684	12.744	40749	1657	32.6
2190.3715	13.218	8412	1746	30.9
2189.9026	16.176	22631	2159	39.2
2168.034	13.909	6621	1949	31.5
2167.69	13.744	25839	1857	69.6
2167.6805	14.056	10802	2027	36.5
2138.621	12.052	25812	1615	35.2
2136.6545	16.32	9344	2434	38.5
2127.9071	16.259	57010	2299	80
2123.3205	14.046	8395	2020	30.3
2111.678	13.767	40338	1869	69.6
2097.008	13.771	14078	1873	53.6
2096.3946	16.511	10651	2809	46.4
2096.3937	16.536	12949	2830	39.8
2096.3929	16.424	20581	2672	30.1
2096.3902	16.253	32767	2283	59
2095.8873	16.232	69835	2227	80
2089.6827	13.88	16848	1933	63.5
2080.1174	16.251	56906	2274	45.8
2065.3439	13.277	12950	1752	74.5
2064.8326	13.304	12595	1756	36.9
2064.3678	16.361	20397	2548	99.2
2047.3705	13.058	34543	1717	52.7
2040.0398	16.3	50838	2405	69.6
2039.899	16.143	48242	2110	41.6
2037.3583	13.137	61823	1737	77.5
2036.8664	13.164	15810	1739	42.8
2030.837	12.725	9747	1651	36
2015.9293	16.248	9786	2266	45.1
2008.6482	13.627	7942	1816	39.8
2005.1726	16.271	30914	2350	65.4
2001.3273	13.668	35839	1835	52.8
2001.3248	13.952	15150	1962	63.7
1981.2393	13.812	42015	1917	38
1968.0747	16.298	36097	2401	74.2
1918.99	16.48	69926	2752	80
1918.3418	16.391	11570	2589	58.3
1901.3286	16.57	11791	2851	31.3
1901.3281	16.5	36199	2797	64.2
1900.3471	16.265	17814	2325	45.7
1900.3246	16.234	23295	2235	38.9
1896.0834	16.289	48734	2383	72.2
1893.6331	13.551	14413	1800	65.3
1892.8327	13.021	34427	1704	68
1892.3284	12.962	144882	1694	100
1887.3143	13.721	121194	1852	79.1
1886.3077	16.593	9271	2862	38.7
1886.3075	16.249	99565	2270	43.5
1885.978	13.597	14635	1806	51.6
1882.3174	16.51	16740	2808	32.3
1880.3034	13.63	14036	1821	45.9
1874.3638	16.484	11543	2758	45
1874.3599	16.357	9533	2542	48
1872.3089	16.377	5760	2569	42.2
1870.3114	12.987	10461	1700	55.2
1870.3062	16.334	16393	2461	51.2
1868.3144	16.676	10727	2882	35.4
1868.3109	16.567	18602	2847	82.3
1868.3	16.385	73656	2576	65.6
1868.2988	16.25	127482	2271	72.7
1864.341	16.255	9101	2288	45.7
1855.9544	16.302	59160	2408	80
1855.2853	16.253	18278	2280	59.7
1854.3261	16.241	17648	2250	52.6
1851.2917	16.349	8495	2524	49.2
1847.9104	16.441	43217	2703	80
1839.1355	16.264	43360	2321	72.4
1837.2752	16.346	56203	2515	31.6
1836.2651	16.272	17375	2353	53.5
1835.9486	16.274	18025	2357	80
1818.9126	16.253	14181	2282	34
1816.3165	16.263	10613	2316	31.7
1804.561	21.614	10296	2987	44.1
1792.4198	17.606	12626	2946	31.1
1783.9577	13.519	18041	1796	67.8
1782.5786	21.611	19981	2986	77.7
1781.9329	16.264	22707	2320	64.5
1781.2825	12.933	8370	1680	47
1752.1114	16.272	20654	2351	63.3
1738.8381	16.234	74140	2233	79.7
1728.8196	12.819	16522	1667	59.9
1728.8181	12.607	136843	1643	80
1728.0683	16.261	19272	2303	34
1727.9359	16.291	38118	2386	56.3
1719.8145	12.719	268737	1650	98.3
1709.9188	17.665	11409	2952	44
1709.9169	17.734	7763	2961	45
1697.3227	16.5	9476	2796	32.9
1692.2906	16.359	129643	2543	31
1680.2738	13.071	46671	1719	61.2
1679.9177	16.162	21124	2139	75.1
1679.6036	13.079	38839	1722	67.4
1679.3109	16.478	101213	2749	38.6
1678.3066	17.68	11487	2954	45.1
1678.3065	16.248	42572	2267	69.6
1678.3053	16.535	20634	2828	33.9
1678.2814	13.427	24848	1787	69.1
1673.9458	12.908	10562	1675	36
1672.009	16.638	33089	2879	78.2
1668.5029	14.06	18846	2030	78.6
1666.9552	13.115	109255	1732	79.3
1666.6173	12.951	14814	1686	47.2
1664.314	16.514	37162	2812	58.3
1664.2973	16.245	91106	2259	54
1664.2936	16.331	31831	2448	38.1
1662.9541	16.436	55409	2697	68
1660.5161	13.819	19097	1924	67.2
1659.5144	13.981	265229	1983	92.6
1659.2631	13.987	274989	2005	100
1659.0126	13.983	241488	1993	100
1658.763	13.983	275010	1995	93.9
1658.5393	13.805	113100	1902	69.6
1657.5314	13.633	18847	1830	31.1
1654.0321	13.837	14158	1929	34.4
1650.3045	16.432	6172	2690	33.5
1648.3286	16.423	21512	2669	33
1648.29	16.544	24318	2834	31.9
1647.2862	16.492	22994	2774	53.5
1647.284	16.254	32030	2285	49.5
1640.3359	16.471	10341	2738	31
1636.2973	16.247	42086	2264	44.2
1635.3276	16.398	29402	2611	47.9
1634.3343	16.266	15968	2329	45.1
1634.3173	16.354	10739	2535	38.5
1631.9341	16.307	47573	2419	68.5
1621.7644	13.964	6048	1966	30.2
1619.2903	16.496	21378	2781	60
1600.1219	16.262	56456	2309	54
1599.9091	16.527	11434	2817	36.4
1591.91	16.492	102786	2773	67
1587.244	14.004	7129	2015	35.9
1583.2505	13.356	25617	1768	68.5
1583.0074	13.802	41832	1895	76.1
1582.9166	13.396	73493	1780	80
1582.5822	13.395	73809	1778	80
1582.2512	13.422	39469	1784	69.6
1578.2945	12.989	22959	1701	60.5
1577.8018	12.972	26706	1697	47.9
1544.5933	16.298	7636	2402	36.4
1528.3588	16.4	17390	2619	50.3
1514.2722	17.032	22039	2914	36.9
1514.2683	16.769	5453	2893	33.7
1511.798	16.149	13600	2119	74.1
1509.7405	16.428	13416	2679	36.2
1500.7433	13.641	51079	1832	64.8
1500.7429	13.88	83274	1934	67.7
1500.2532	16.143	12138	2111	44.1
1487.2399	16.236	21486	2238	44.5
1484.749	13.474	12466	1792	39
1483.2489	16.489	19441	2770	45.9
1483.2478	16.336	10384	2465	39.1
1483.2467	17.852	16039	2973	32.4
1483.2458	16.628	10930	2877	31.3
1482.2427	16.256	41412	2291	45.4
1482.2405	16.535	14688	2826	34.4
1482.2391	17.715	14033	2960	32.5
1475.8925	13.797	13000	1883	36.7
1475.3011	16.394	7887	2599	54.4
1474.3024	16.472	9206	2739	37.8
1474.2965	16.533	9683	2823	33.2
1474.2935	16.255	21012	2286	89.3
1473.2864	16.303	5043	2412	37.5
1473.2442	13.084	9034	1724	58.9
1470.2387	16.573	18279	2854	57.2
1470.2374	16.345	32341	2506	47.7
1468.2297	16.398	185542	2613	49.1
1468.2289	17.811	27712	2969	50.3
1468.2279	16.499	42136	2795	74.9
1468.2272	16.316	177028	2430	68.6
1468.2265	16.232	159758	2225	62.7
1466.2541	13.252	64272	1748	62.6
1454.2196	16.386	8620	2579	46.8
1454.2137	16.223	42007	2216	66.3
1452.0192	16.435	10031	2696	67.4
1451.2212	17.844	30972	2972	36.5
1450.2223	16.568	29009	2848	34.5
1450.2192	16.387	34760	2581	32.3
1450.2169	16.492	44110	2775	47
1447.9642	16.36	29210	2547	80
1438.2493	16.544	8157	2835	30
1436.2028	16.487	66347	2767	64.8
1436.2018	16.234	133610	2234	56.1
1424.2456	16.536	7417	2829	40.8
1424.2412	16.748	24004	2885	45.2
1424.2389	16.342	29692	2492	54.3
1419.2316	13.695	9353	1844	54.2
1414.4811	13.905	8623	1947	31.9
1413.2764	12.144	23695	1627	63.5
1406.2333	16.952	6822	2913	31.4
1406.2261	16.426	17709	2674	33.5
1392.2237	16.503	5508	2802	33.9
1392.2189	16.351	33478	2530	60
1391.9211	16.14	65096	2106	78.9
1376.933	16.421	10769	2664	45.8
1365.0069	18.362	69677	2984	35.1
1363.9128	13.085	9081	1726	40
1363.9118	13.029	8211	1710	42.5
1349.9224	16.224	37747	2217	64.8
1337.9736	13.516	31447	1795	62.9
1333.9977	13.884	11388	1935	57.7
1328.0139	14.054	57191	2026	69.2
1327.0101	13.807	10664	1906	31.1
1325.8244	13.886	6107	1936	49.1
1324.822	14.086	13683	2031	61.4
1324.4193	13.805	35867	1901	68.8
1324.0199	13.81	107445	1911	69.6
1324.0157	13.779	5896	1876	41.2
1323.6294	13.81	22113	1913	60.5
1322.6267	14.042	14074	2016	47.5
1300.6183	13.869	10648	1931	39.5
1292.2684	16.345	8827	2511	31.6
1289.908	16.137	137288	2105	80
1284.0674	16.244	19142	2256	58.8
1283.9503	16.207	56349	2194	80
1282.2668	16.773	13947	2897	44.5
1279.2405	16.392	133866	2593	37.8
1277.9871	16.263	20223	2313	60.1
1272.8012	16.407	32086	2638	60.5
1264.2269	16.237	29445	2242	40
1263.2075	13.952	23851	1963	40.4
1260.2293	17.875	22274	2975	53.1
1260.2275	17.58	25285	2942	46.2
1254.6255	16.451	7746	2717	48.8
1247.247	12.176	14334	1630	40.4
1247.2148	16.503	68430	2803	31.5
1246.2136	16.42	21522	2661	47.3
1246.2101	16.247	196366	2265	79.8
1237.2333	16.573	5435	2855	34.6
1235.9635	16.209	39668	2198	38.6
1232.2365	16.57	12388	2850	34.1
1216.2436	16.367	24286	2557	41.1
1215.2352	16.393	12617	2595	48.6
1214.9739	17.792	111117	2967	33.3
1202.2258	16.333	34093	2458	60.2
1197.0298	16.228	11091	2220	39.4
1193.9615	16.401	54562	2625	80
1175.6268	16.367	39848	2558	32.7
1173.6829	16.203	11387	2189	67.6
1173.258	16.341	32948	2491	65.8
1163.9586	16.233	33731	2229	80
1163.9532	12.936	5620	1682	31.3
1163.9394	16.324	12574	2438	50.2
1158.2459	16.338	54204	2476	64
1158.2364	16.396	9491	2605	42.9
1146.2723	16.336	6356	2467	31.5
1126.2217	16.344	35105	2502	58.4
1120.9772	16.391	43520	2591	80
1114.2316	16.332	37069	2449	70.1
1114.2037	17.602	27575	2945	41.2
1113.196	17.582	8593	2943	36
1112.1998	16.029	15975	2083	39.3
1103.8488	13.811	13271	1914	43.8
1102.2588	16.401	12288	2621	62.6
1100.6854	14.043	48694	2017	64.7
1094.1912	16.456	10426	2721	55.6
1087.2479	16.339	31168	2482	60.8
1083.1783	16.508	114721	2807	34.8
1082.1749	16.662	18021	2880	30.1
1082.1749	16.428	21386	2676	51.6
1082.1731	16.256	87716	2290	55.2
1082.173	16.904	11642	2912	42.4
1082.1718	17.435	13021	2934	36.6
1082.1715	16.835	10350	2904	32.9
1081.1747	16.14	15655	2107	41
1070.975	18.537	21262	2985	30.3
1070.2235	17.405	6779	2931	39.2
1068.6992	16.334	36328	2460	81.2
1068.1708	16.43	19299	2684	39.4
1068.1654	16.529	6790	2820	38.1
1067.9289	16.279	23047	2369	63.6
1064.1658	17.671	6669	2953	32.9
1062.172	16.33	9087	2443	36.4
1056.2186	16.598	12075	2865	43.2
1050.1494	16.411	27284	2646	46.3
1050.1478	16.245	112381	2258	62.6
1042.2561	16.336	15047	2468	60
1042.2555	16.581	10806	2859	40.1
1039.541	16.343	17036	2500	45.1
1039.184	17.197	3818	2918	34
1037.6257	16.455	70431	2720	97.8
1032.1837	16.391	16710	2590	35.9
1032.1819	16.513	11970	2811	36.9
1015.9369	16.279	22781	2371	86.5
1008.4992	16.397	11382	2609	76.7
1006.1601	16.262	19197	2311	75.2
1001.1623	13.761	40989	1865	52.8
968.2388	16.337	22227	2471	64.7
967.0065	15.823	276244	2055	40.7
962.178	16.351	20530	2529	39.3
957.1707	16.769	4673	2891	35.8
953.6297	16.472	23443	2740	89.9
950.6643	16.389	27030	2584	30.8
950.1648	16.347	13514	2518	35
947.8679	13.808	19405	1907	56.3
947.3058	13.656	4450	1834	32.3
946.2994	13.803	51938	1897	68
942.5877	13.803	146957	1896	87
940.9209	12.905	113785	1674	64.4
940.6715	13.013	18519	1702	60.4
937.9644	17.287	454663	2923	100
937.1852	16.487	10114	2765	37.8
935.6554	16.183	7220	2168	55.2
934.1615	16.389	31864	2583	39.7
934.156	16.303	10218	2410	63.2
934.1488	16.533	21961	2825	30.2
931.9378	16.218	82874	2208	100
931.6946	18.336	125091	2980	100
926.231	16.351	15213	2532	79.5
918.6359	16.235	10601	2236	34.3
915.9436	16.216	597528	2206	88.4
911.6195	16.535	47467	2827	100
901.9434	16.221	1113993	2213	100
897.6029	16.484	9916	2760	66.1
892.1851	16.873	9900	2909	37.8
890.8088	12.916	11052	1677	36.4
883.9539	16.478	130649	2745	80.1
883.9386	16.206	39458	2193	100
879.9603	16.2	64323	2188	94.8
878.1697	16.261	20525	2306	40.2
868.483	16.305	45396	2414	100
867.9643	16.481	85097	2754	98.9
865.9466	16.206	589412	2192	100
865.9465	16.463	27048	2727	73.6
860.1606	16.257	14861	2295	33.5
850.1771	16.428	60687	2675	45.3
849.9561	16.463	29226	2730	91.8
849.9511	16.204	2094081	2190	100
847.2049	16.275	52023	2360	100
847.2044	16.355	34041	2538	39
847.2032	16.527	12099	2816	42.9
847.15	16.468	16134	2736	35.8
847.1495	16.845	7286	2905	35.7
847.1491	16.237	50366	2241	77.1
846.1449	16.486	58420	2764	42.4
846.1436	16.251	34632	2273	62.3
845.9568	16.458	161978	2723	85.7
841.1657	16.546	14673	2837	33.1
839.9701	13.062	32834	1718	48.3
839.1516	16.432	17322	2689	50.6
833.9572	16.458	286123	2722	95.6
833.6536	16.343	9281	2501	52.7
832.6328	13.998	56292	2013	74.6
832.5065	13.816	19796	1920	64.4
832.1627	17.736	102416	2962	32.4
831.9662	16.19	112101	2184	73.7
829.9626	16.463	32998	2729	86.7
829.0166	13.799	121378	1888	80
827.761	14.137	16018	2032	37.9
825.7307	18.332	195956	2977	100
825.6567	16.399	12073	2616	34.1
825.1662	16.402	11429	2627	56.3
824.1453	16.398	26062	2610	35
823.9544	16.193	27889	2185	89
823.6425	16.419	73811	2656	30.7
823.1412	16.339	54023	2484	55.4
818.2631	13.53	13436	1798	48.5
818.1496	16.432	82282	2691	41.3
817.9633	16.463	57740	2731	92.3
817.1694	16.345	19467	2508	53.5
815.9559	16.195	326751	2186	100
815.5409	17.373	9876	2928	60
815.5407	17.493	13928	2937	47.8
814.5372	16.537	11935	2831	32.5
813.9891	16.417	113586	2653	100
813.9683	16.179	67608	2162	70
813.2622	13.718	9343	1851	58.8
811.97	16.26	61637	2301	98.8
811.9574	16.433	24675	2693	100
809.6454	16.376	13238	2565	48.5
809.1437	16.533	15976	2824	49.1
802.1527	16.366	118952	2556	44.9
801.9898	16.402	343777	2628	91.3
799.9555	16.432	99029	2688	100
795.9664	16.421	60292	2662	100
793.9829	16.266	72598	2330	87.7
792.5059	16.602	63433	2867	100
789.9807	16.395	32002	2600	100
789.97	17.281	34061	2922	100
789.1788	16.36	14276	2546	35
785.956	16.312	89979	2422	100
783.9637	16.284	54528	2375	100
783.9627	16.406	177206	2637	75.3
783.9607	16.464	119584	2732	87
781.9482	16.185	78583	2172	100
779.9661	16.407	971791	2639	98.8
779.9658	16.255	23949	2287	100
777.9845	16.408	27569	2641	100
775.9541	16.181	37550	2166	99.7
773.9741	16.406	49804	2636	97.9
772.1696	16.401	18328	2622	45.7
768.1452	16.497	4302	2784	31.2
767.966	16.391	5405904	2588	91
767.9647	16.765	23790	2889	67.2
767.963	16.239	41851	2245	94.5
766.141	17.608	4507	2947	46.1
765.9855	16.399	56375	2615	100
763.9724	16.175	246630	2157	93.1
761.9734	16.393	134512	2596	100
760.1509	16.189	26087	2182	96.4
757.9624	16.171	60217	2149	100
756.1313	16.499	9458	2791	47.3
751.9921	16.364	200231	2552	97.6
751.9693	16.241	720924	2251	98.8
750.1278	16.379	33855	2570	42.9
750.1277	16.505	18762	2804	36.4
749.9588	16.387	238022	2580	100
749.9587	16.173	1270940	2154	100
747.9939	16.406	33776	2635	100
747.3158	16.686	22150	2884	80
746.3095	16.268	29678	2341	99.8
745.9672	16.397	70037	2608	100
743.9835	16.375	28477	2564	97.7
743.4912	16.242	7794	2252	39.7
742.1461	16.339	39763	2483	44.3
742.1267	16.333	57409	2451	48.6
741.9929	16.269	16815	2346	64.3
739.3387	14.059	8104	2029	60
738.5655	14.05	12145	2022	56.8
738.1528	16.501	3752	2800	31.8
737.9478	16.01	38978	2082	100
737.4514	13.982	846287	1987	77.4
737.1269	13.997	183016	2012	80
736.7916	13.985	380304	2001	80
735.958	16.261	57260	2304	73.8
734.2354	13.809	24977	1910	48
733.9646	16.379	544159	2571	100
731.9791	16.219	145596	2212	86.6
730.1657	16.319	20558	2433	56.6
729.9687	16.387	443818	2582	100
729.4573	13.308	14310	1757	38.3
729.1602	16.382	24588	2573	57.4
726.7809	13.887	15362	1937	60
726.1131	16.607	8393	2872	34.8
726.1126	16.506	22371	2805	35.5
725.9568	16.167	32322	2146	100
725.6104	16.428	88929	2678	44.6
725.1097	17.592	8403	2944	33.9
725.1091	17.795	57050	2968	48.3
724.9639	12.421	6666	1640	34.4
723.9793	16.376	37016	2567	100
722.9973	16.094	7892	2089	49.5
721.129	16.454	12869	2718	42.3
720.4531	16.339	59635	2481	74.4
720.0064	16.333	21125	2452	62.2
718.1014	16.572	11352	2853	30.6
717.9689	16.373	5817633	2561	94.8
715.9818	16.366	35151	2555	100
712.244	16.39	100515	2587	93.5
712.1216	16.861	7770	2907	45.1
711.9778	16.337	136596	2475	100
711.9769	16.163	183775	2141	86
710.1544	16.173	19246	2155	75.5
708.8786	12.053	11754	1616	35
708.6563	12.092	40177	1620	33.7
707.9657	16.144	94521	2113	99
706.2134	16.485	49094	2762	82.3
704.2269	13.817	14187	1923	75.4
702.5998	16.498	16088	2788	98.8
701.9654	16.207	179248	2195	100
699.9733	16.244	105225	2255	41.5
699.9621	16.363	203421	2551	100
699.9617	16.146	943895	2117	100
699.9175	16.397	70050	2607	100
694.1594	16.172	146889	2152	95
693.9868	16.342	113257	2494	97.7
693.4607	16.501	3756	2798	32.1
693.4601	16.333	9149	2457	30.1
692.481	16.593	12056	2861	36
691.7285	12.806	74810	1664	82.2
685.9622	16.478	559746	2746	100
685.9611	16.229	606054	2223	100
685.5262	16.346	10077	2516	73
684.2484	16.373	200463	2560	90.8
683.9676	16.35	992189	2528	100
681.95	16.147	54582	2118	100
681.642	13.033	15641	1712	41.9
679.9721	16.342	113384	2493	100
675.9965	16.331	33499	2446	92.8
675.5168	16.298	53756	2403	100
672.9723	13.426	12984	1786	53.2
672.474	16.605	19368	2870	100
669.9667	16.482	108200	2755	100
667.9721	16.335	10888241	2464	94.8
663.9766	16.333	51193	2455	97.5
663.9599	16.133	141352	2101	83.1
662.9793	16.221	275504	2214	100
662.4121	13.837	13164	1930	66.3
662.2468	16.369	54192	2559	94
660.9846	16.481	273753	2753	100
660.9074	13.824	18793	1927	63.4
660.7142	13.788	10912	1877	52.3
660.6133	13.795	20692	1880	56.5
660.1577	16.152	30788	2126	99.2
658.9714	16.291	33302	2387	80
658.9692	16.208	33215	2197	80
654.307	16.401	61488	2624	95.9
653.9944	16.42	155236	2660	100
653.9751	16.502	42273	2801	67.5
651.9598	16.146	73007	2115	100
650.1537	16.145	68574	2114	100
649.9701	16.239	73336	2246	100
649.9658	16.337	48260	2470	100
646.5361	16.495	42728	2779	64.8
646.3976	16.599	10074	2866	74
645.9725	16.32	30950	2435	100
644.9896	16.484	49563	2757	100
644.1622	16.15	177886	2123	95
642.2795	16.318	16561	2431	80
641.4054	16.291	56971	2388	92.8
640.2217	16.479	32045	2750	100
639.1189	16.482	217196	2756	46.6
639.1187	16.24	153533	2247	66.7
638.2061	16.4	28591	2620	84.2
635.97	16.44	53118	2702	89.1
635.965	16.186	1031037	2174	91.7
634.2522	16.328	1072564	2441	91.4
633.9707	16.315	1568442	2429	95.3
633.9697	16.478	565233	2747	100
633.4305	16.295	39131	2390	100
633.4028	13.875	11998	1932	58.9
632.539	16.338	37489	2477	100
632.1161	16.515	12462	2813	32.6
631.9705	16.428	323417	2677	100
631.1206	16.404	11015	2632	38.1
630.1139	16.809	10141	2900	36.6
629.9764	16.311	42730	2421	100
629.1048	16.497	34630	2785	53.1
629.0163	16.423	52167	2667	80
628.9962	16.498	22387	2789	80
628.1093	16.531	4551	2821	40.4
627.7725	16.349	15618	2525	60
627.5197	13.036	27784	1714	54.4
626.2055	16.404	29941	2633	89.8
622.5126	16.327	58016	2439	100
622.4007	16.889	10208	2911	48.6
620.9165	12.146	13399	1628	45.3
619.9699	16.205	3694050	2191	100
617.9755	16.399	1289917	2614	80
617.9751	16.308	260462	2420	72.2
617.9747	16.475	4733847	2742	100
617.6237	16.617	7032	2874	30.9
617.1233	16.349	23273	2526	41.8
616.5438	16.762	64304	2887	100
615.9617	16.296	60283	2391	100
615.9595	16.476	46032	2744	100
614.5278	16.548	13318	2840	93.5
614.3601	17.685	10293	2956	35.6
614.1066	16.501	16347	2799	35
613.9801	16.321	170531	2436	99.6
613.8017	18.337	256834	2981	100
612.1904	16.377	38614	2568	80.7
606.9924	16.428	145984	2680	100
605.9911	16.234	20277	2232	80
603.0054	16.416	22524	2650	87
602.5275	16.548	16338	2838	53.1
601.9803	16.489	767353	2768	84.7
600.5309	16.33	25074	2444	82.2
600.2501	16.305	130999	2415	94.4
599.9692	16.288	339982	2379	72.8
599.9689	16.454	469426	2719	100
597.9703	16.213	921404	2202	100
595.1311	16.346	12923	2514	60
594.2771	16.335	25263	2463	99.3
593.9948	16.405	456407	2634	80
592.977	16.159	286791	2135	80
590.1098	16.353	14443	2534	45.1
588.5128	16.499	202909	2793	100
588.4021	16.301	14377	2406	97.3
586.0071	16.41	1053456	2643	100
585.9864	16.506	214717	2806	84
585.9682	16.129	1653830	2098	100
584.2553	16.296	29017	2393	100
583.9735	16.279	319564	2370	100
583.9733	16.442	406072	2706	100
582.1036	12.905	16725	1673	40.7
581.9925	16.185	220851	2173	100
579.9774	16.43	397456	2683	100
573.0079	16.109	33193	2093	80
569.9738	16.333	953448	2453	100
567.9785	16.418	1065918	2654	100
567.9782	16.319	648576	2432	67.5
567.9777	16.182	1090138	2167	100
565.9945	16.403	54029	2629	99.8
565.9647	16.286	41842	2377	100
563.9831	16.423	1995622	2668	100
563.8937	12.039	15223	1607	53.4
562.288	16.312	35458	2423	100
562.1932	16.352	39417	2533	73.3
561.9872	16.354	74602	2536	82.9
559.9711	16.26	31026	2300	96.1
559.0124	16.333	50948	2456	80
558.3519	16.268	27921	2340	96.8
558.2947	16.267	73455	2336	100
556.994	16.153	21015	2127	80
554.2906	16.298	59938	2400	98.3
554.1029	16.399	22402	2617	60
551.9828	16.395	26333044	2601	100
549.9679	16.402	71792	2626	100
548.2717	16.291	251485	2385	97
548.2696	16.171	84029	2151	98
547.9647	15.985	127911	2081	58.7
547.0949	16.262	10199	2308	43.9
546.2582	16.265	39906	2327	78.5
543.9957	16.333	524826	2454	100
543.2949	16.396	74101	2603	80
543.1225	16.384	16474	2574	60
543.1215	16.8	8113	2899	44.7
543.0139	16.113	297136	2094	100
542.9805	16.134	557754	2102	100
541.9477	15.963	204487	2080	39.4
539.2888	17.631	180177	2948	41.3
536.3651	17.442	16545	2935	76.9
536.2438	16.16	35361	2137	80
535.9864	16.417	49974	2651	100
535.1223	16.343	16358	2498	56.3
534.2558	16.267	338422	2334	100
533.9764	16.272	753841	2352	80
533.9761	16.396	326662	2604	81.4
533.9753	16.155	135097	2129	100
532.3227	16.526	19937	2815	100
532.3156	16.195	20735	2187	65.6
532.3099	16.297	38840	2397	100
532.0109	16.451	73591	2716	100
531.0847	16.496	8508	2783	36.9
531.0846	17.551	13273	2941	32.1
530.1356	16.084	22344	2088	60.4
529.0008	16.097	454490	2090	100
528.2556	16.149	15507	2121	66.4
527.9998	16.262	52300	2307	79.6
527.2732	16.451	14671	2715	48.9
526.2684	16.263	38819	2315	99.8
521.1283	16.513	13919	2810	33.5
521.1263	16.42	12401	2659	42.9
519.2418	16.423	15323	2670	93.9
518.2264	16.24	294705	2248	98.5
517.9813	16.345	859671	2504	80
517.9807	16.264	265272	2319	80
517.9806	16.15	758891	2122	100
516.2059	16.773	24005	2895	100
516.0006	16.108	73375	2091	100
514.9735	16.183	25978	2169	80
514.3263	16.49	17611	2771	97.5
514.24	16.257	43351	2293	66.9
514.0206	16.421	34625	2663	67.5
513.9853	16.347	140999	2517	100
513.9702	16.489	32576	2769	100
512.9699	16.209	105403	2199	66.5
511.2453	16.181	13601	2165	65.5
510.9964	16.283	84019	2374	54
510.1	16.347	11178	2519	51.4
508.9789	16.229	74114	2222	100
507.8373	18.335	293092	2978	100
507.2642	16.288	25717	2380	72.4
506.3059	16.484	11387	2759	100
506.2241	16.213	229466	2200	100
506.1904	16.156	8941	2132	47.9
505.2794	16.334	22754	2462	47.3
504.283	16.247	40038	2263	100
504.2475	16.276	34476	2363	89.2
504.0979	16.605	5855	2871	41.3
504.0965	16.496	18436	2782	48.5
504.09	16.356	14666	2539	76.9
502.216	16.173	22023	2153	57
502.1896	16.604	30924	2869	100
501.9861	16.337	29581960	2472	100
500.0863	16.478	7091	2748	41.4
499.9726	16.187	181183	2176	100
499.9702	16.336	57391	2469	100
498.1743	16.175	24906	2158	100
497.9913	16.334	64157	2459	100
497.0987	16.344	21840	2503	43.9
496.2777	16.762	17455	2888	100
496.2608	16.395	225363	2602	100
496.2574	16.266	45297	2332	48.3
495.9978	16.249	75883	2269	80
495.9789	16.474	351355	2741	100
493.9566	16.047	138398	2086	100
492.9824	16.233	480745	2228	80
492.2793	16.392	28787	2592	58.8
492.2513	16.314	123477	2426	80
492.2101	16.189	54740	2181	100
489.3068	16.436	34619	2699	100
489.2621	16.355	44827	2537	78
486.2828	16.389	21556	2585	87
486.2458	16.259	128431	2298	76.9
486.0708	16.35	14820	2527	50.7
484.2613	16.321	88811	2437	100
484.1636	16.151	47526	2124	100
483.9916	16.249	215348	2268	80
483.2647	16.574	10272	2856	60
482.3371	16.462	37384	2726	100
482.3003	16.876	13205	2910	70.8
482.298	16.348	20055	2522	32.5
482.2244	16.256	40822	2292	54.8
481.9798	16.143	92103	2112	79.5
480.2812	16.301	33949	2407	94.6
478.7332	16.252	25806	2275	63.2
478.2698	16.273	17483	2354	77.6
478.1882	16.165	35210	2144	100
477.9846	16.236	66420	2237	100
476.2698	16.345	84366	2509	100
476.2583	16.253	31481	2278	60
476.2177	16.267	111525	2335	73.4
475.1626	17.815	7526	2970	33
474.2886	16.598	1496473	2864	100
472.9784	16.035	71950	2084	92.1
470.172	16.773	17034	2896	100
470.0753	16.444	17327	2709	54.5
469.9801	16.247	202776	2262	100
469.9795	16.141	274739	2109	100
468.4158	17.27	37702	2921	100
468.2658	16.328	636340	2440	87
467.9842	16.285	5140024	2376	100
467.2776	16.769	19362	2892	53.1
467.2575	16.497	56151	2786	60
467.0756	16.458	47262	2724	51.1
466.4371	17.269	24130	2920	71.6
466.3097	17.654	285066	2949	100
466.2532	16.424	26201	2673	89
466.1502	16.149	109044	2120	100
465.2547	16.306	71390	2417	76.1
464.3392	16.266	13135	2333	58.9
464.2138	16.166	33427	2145	67.5
464.0114	16.411	333460	2645	86.5
463.9833	16.233	374053	2230	80
462.1979	16.253	16891	2279	73.8
462.1828	16.165	66125	2143	100
460.2647	16.621	12371	2875	60
460.2246	16.269	21552	2344	51.8
460.0873	16.431	7241	2685	35.3
459.0889	16.863	9286	2908	32.7
459.086	16.485	15674	2761	49.4
458.3161	16.578	13504	2858	44.3
458.2656	16.345	114244	2505	67.5
458.2531	16.128	18391	2097	50.5
457.2884	16.429	71109	2682	100
457.2154	16.276	15198	2362	56.4
456.2839	16.277	24903	2366	87
455.2726	16.431	159238	2686	80
454.4024	16.563	28869	2845	99.9
454.3049	16.313	20953	2425	100
454.2669	16.364	38583	2554	76.7
454.2571	16.264	160855	2318	79.7
452.2711	16.761	1720346	2886	100
452.2683	16.531	21275	2822	74
452.0845	16.464	8366	2733	32.6
451.971	16.217	39259156	2207	100
450.2739	16.441	21826	2704	33.2
450.2551	16.552	449654	2841	100
449.9741	16.475	873488	2743	100
448.3527	16.401	30339	2623	60
448.2752	16.338	25915	2479	35
448.2396	16.446	99092	2711	100
448.2365	16.277	116602	2365	80
448.1393	16.214	773414	2204	100
448.0037	16.252	66116	2277	69.3
446.9979	17.713	393957	2959	50.8
446.3587	17.683	164611	2955	58.7
446.2797	16.625	36224	2876	95.3
446.2085	16.303	30391	2409	47.1
445.9845	16.419	46712	2657	100
445.9824	16.137	423735	2104	80
445.2802	16.385	10691	2577	33.6
444.2515	16.282	20519	2373	31.8
443.1598	16.314	11177	2428	60
443.0605	16.262	137219	2312	100
442.9869	16.215	762229	2205	100
442.3056	16.376	158552	2566	100
442.3044	16.266	34583	2331	98.6
442.2697	16.435	119360	2695	80
442.2693	16.289	90556	2381	100
441.987	16.423	101327	2671	100
441.8655	18.339	483961	2983	94.5
441.252	16.404	63945	2631	79.1
440.2893	16.342	83687	2495	100
439.2372	16.336	58532	2466	46.3
438.2734	16.448	55616	2714	98.7
438.2552	16.571	368383	2852	100
436.2978	16.382	24554	2572	38.7
436.2404	16.469	89113	2737	86
436.2206	16.267	182695	2338	94.9
436.1827	16.123	68236	2095	80
436.1625	16.289	9777	2384	52.1
436.0911	16.415	18900	2648	71.2
435.2579	16.339	87757	2486	80
434.2806	16.252	62389	2276	54.6
434.206	16.265	20107	2322	65.7
433.978	16.479	63640	2751	100
432.2642	16.609	37125	2873	87
432.1905	16.251	10747	2272	62.9
430.2547	16.14	15436	2108	97.9
429.9872	16.393	2475524	2597	100
428.986	16.173	67467	2156	80
428.2862	16.384	28334	2575	45.2
428.2529	16.348	51757	2521	66.8
426.311	16.817	31004	2901	99.6
426.2753	16.333	684492	2450	100
426.2374	16.345	32132	2512	64.8
425.9867	16.189	34408	2179	74.4
425.9691	16.042	347424	2085	100
424.2597	16.345	21700	2510	33.9
424.2398	16.498	4748351	2787	100
424.2211	16.18	15995	2164	45
424.0937	16.561	16736	2844	61
423.9774	16.276	104764	2364	100
423.9767	16.422	133172	2666	100
423.2585	16.266	20999	2328	47.2
423.0999	16.674	38853	2881	43.9
422.2324	16.356	142189	2540	70.4
422.2289	16.265	198103	2323	80
422.2269	16.407	209448	2640	87
422.0895	16.487	17325	2766	54.8
421.0207	16.109	573265	2092	80
419.9823	17.872	563217	2974	62.5
419.2743	16.443	6759	2707	30.6
418.2483	16.545	17874	2836	99.6
418.0056	16.183	3374066	2170	100
417.9839	16.499	257966	2794	100
417.2636	16.297	26915	2398	35
417.1996	16.297	10289	2395	52.8
417.0873	17.665	32584	2951	48.7
417.0872	17.774	81469	2964	46
417.0872	17.375	115560	2929	40.1
416.9947	16.415	57636	2647	69.6
416.2698	17.329	21764	2926	67.5
416.2598	16.346	84856	2513	47.5
416.1963	16.494	19192	2777	35
416.1936	16.419	38247	2658	100
415.9904	16.183	2209850	2171	100
415.7384	16.567	11216	2846	36.3
414.2372	16.303	62722	2411	67.5
414.2185	16.538	25171	2832	100
414.2178	17.068	46471	2915	99.9
414.2035	16.296	68035	2392	100
413.983	16.444	15425	2710	32.9
413.9743	16.208	169883	2196	84.8
413.0814	16.49	28047	2772	39.8
413.0255	16.232	23310	2224	80
412.2499	16.436	75435	2698	100
412.2477	16.343	18755	2497	31.3
410.3163	16.679	592741	2883	100
410.2435	16.277	248712	2367	100
410.2251	16.421	321999	2665	100
408.2959	16.171	15616	2150	95.8
408.2656	16.397	27497	2606	38.6
408.2641	17.264	44233	2919	100
408.2625	16.304	22660	2413	64.1
408.1913	16.259	97041	2297	78.9
407.9866	16.18	134685	2163	80
407.2316	16.186	5159	2175	32.3
407.0417	16.131	469859	2100	100
406.2111	16.27	16935	2348	85.1
405.077	16.435	73900	2694	47.2
404.3116	17.661	150328	2950	44.8
404.2323	16.24	56317	2249	64.2
403.9878	16.073	28157550	2087	80
403.2751	16.361	32468	2549	53
402.1778	16.343	122504	2499	80
401.9922	16.234	17265260	2231	100
401.8732	18.336	1124129	2979	100
400.3153	16.268	19228	2339	42.6
399.9771	16.188	4661392	2178	100
399.2396	16.41	161701	2644	100
398.2798	16.595	50302	2863	97.8
398.2078	16.306	223129	2416	87
397.9561	16.153	485587	2128	100
397.089	16.343	9538	2496	30.5
396.3952	17.842	13785	2971	67.1
396.2085	16.362	346032	2550	95.7
395.9819	16.418	4127370	2655	100
394.3162	16.462	34418	2725	98.9
394.2111	16.269	72745	2345	44.9
394.1759	16.243	29062	2254	95.7
394.0842	16.538	15667	2833	36.4
393.0256	17.697	177549	2958	48.2
393.0256	16.13	461402	2099	100
392.29	16.468	69520	2734	50.5
392.0241	16.443	34366	2708	55.7
391.9942	16.156	219355	2130	80
390.2955	17.511	739032	2938	52
390.2758	16.34	149508	2487	69.6
390.0808	16.447	20440	2713	46.2
390.0105	16.146	296648	2116	100
389.2975	16.442	69404	2705	48.9
388.2939	16.56	21860	2843	61.6
388.2382	16.861	115483	2906	100
388.2238	16.265	87720	2326	87
388.1619	16.298	381115	2399	100
387.9939	16.16	67758	2136	87
387.2444	16.341	35510	2489	62
386.5883	16.338	10646	2478	60.3
386.3124	16.575	49289	2857	100
386.0839	16.27	10545	2347	45
385.9812	16.19	289974	2183	56.3
384.2642	16.516	49731	2814	100
383.9816	16.393	682160	2598	100
383.3253	16.364	47796	2553	60
382.2858	16.409	74801	2642	100
382.2851	17.785	75902	2966	100
382.2482	17.289	47462	2924	100
382.237	16.494	130891	2778	80
382.0897	16.307	12267	2418	57.2
380.2992	16.468	18859	2735	34.2
380.1956	16.63	25147	2878	82.8
379.991	16.337	1964281	2473	100
379.2801	17.755	71292	2963	52.3
379.0104	17.688	1613151	2957	50.1
379.0102	16.136	893727	2103	80
379.0093	16.257	121056	2294	45.7
378.2188	16.529	11035	2819	33.9
378.2135	16.168	23324	2148	35
376.9954	17.775	69110	2965	46.7
376.2537	16.275	76028	2361	100
376.2017	16.83	17883	2902	100
376.0861	16.341	93130	2490	76.6
375.9755	16.416	1795171	2649	100
375.9752	16.177	125724	2160	80
375.2839	17.429	23468	2933	40.1
374.0887	17.401	15554	2930	30.4
373.9799	16.164	53685	2142	80
373.0958	17.528	7820	2939	33.8
372.2844	16.286	179356	2378	100
372.2273	16.273	33896	2355	46.8
371.3095	16.313	184035	2424	69.6
371.2289	16.77	56158	2894	80
371.2079	16.39	394934	2586	100
370.5612	16.446	7460	2712	30.1
370.249	16.463	250208	2728	100
370.2119	16.274	219291	2356	100
370.2116	16.527	8593	2818	60
369.2911	16.297	176537	2396	98.6
368.9936	16.496	13477	2780	79.9
368.8878	18.338	128197	2982	89.2
368.3632	17.422	45995	2932	86.6
368.3631	17.484	76409	2936	81
368.2694	17.546	356310	2940	100
368.2693	17.361	40414	2927	100
368.2218	16.417	68331	2652	100
368.1851	16.254	208560	2284	80
367.9899	17.925	305304	2976	55.7
366.2656	16.228	40752	2221	52.5
366.2551	16.328	78114	2442	92.3
366.2179	17.156	21052	2917	34.2
366.2175	16.832	30657	2903	100
366.2159	16.278	30584	2368	85.8
366.2057	16.161	10820	2138	61.9
366.1805	16.296	33509	2394	66.9
365.9911	16.299	90533	2404	100
363.9841	16.168	148994	2147	60
363.2501	16.374	48576	2562	80
362.2437	16.275	21103	2359	65.8
362.1249	16.375	16231	2563	34.1
362.0821	16.314	10694	2427	52.2
360.2854	16.178	108249	2161	100
360.1923	16.237	20794	2239	52.8
359.9997	16.124	400019	2096	80
359.9994	16.267	39073	2337	100
359.9804	16.4	244089	2618	100
358.305	16.289	52534	2382	100
358.2565	16.398	62277	2612	80
358.2322	16.151	11085	2125	46
358.2121	16.767	25977	2890	94.7
358.2105	16.603	43830	2868	100
357.9829	21.768	2084517	2988	40.6
357.2881	16.431	5948	2687	40.1
357.1925	16.337	1153849	2474	100
356.3273	16.499	928194	2792	100
356.292	16.225	115585	2219	69.6
356.2913	16.498	53153	2790	100
356.2329	16.429	62249	2681	95.8
356.1975	16.494	36191	2776	87
356.1968	16.257	230408	2296	100
356.1966	16.775	31256	2898	94.6
356.1621	16.213	30246	2201	87
355.2573	16.339	73384	2485	100
355.2469	16.263	44688	2314	37.6
355.1506	16.293	7823	2389	50.8
354.3113	16.438	80009	2701	100
354.2736	16.271	70477	2349	87
354.2544	16.587	1041192	2860	100
354.2541	17.129	116534	2916	100
354.2157	16.268	8876	2342	31
354.2059	16.36	162011	2545	100
354.1815	16.246	76238	2261	97.4
353.985	16.157	56655	2133	100
353.2466	16.341	214373	2488	80
352.2303	16.548	263264	2839	100
352.1902	16.159	32063	2134	66.4
352.189	16.331	74856	2447	100
351.2396	16.403	76840	2630	95.7
351.1924	16.255	43932	2289	62