1005.1655	4.416	913589	3457	100
12817.8612	11.733	36706	1487	62.2
12796.9178	11.732	52003	1482	88.6
12794.8627	11.735	77787	1492	80
12754.7383	11.732	75818	1485	60
12733.7614	11.732	175631	1486	79.1
12715.7819	11.736	198388	1501	88.1
12695.8191	11.737	12791	1504	40.9
12693.8033	11.736	341037	1498	91.1
8257.0666	0.664	30843	586	88.6
7969.5652	0.674	16009	594	60
7735.4497	0.672	33214	591	80
7447.9928	0.671	12711	590	62.8
7105.7254	0.662	8003	582	58.5
6666.1081	11.399	9875	1363	44.9
6643.1246	11.41	75729	1364	70.8
6642.1375	11.417	149104	1366	79.1
6493.8151	11.672	14349	1445	41.6
6472.8346	11.673	63514	1446	98.9
6469.8668	11.813	116588	1575	78.2
6468.8379	11.724	41601	1466	59.9
6466.8078	11.68	21641	1454	60
6449.9171	11.675	181137	1447	80
6449.8729	11.812	196102	1574	83.6
6447.9433	11.735	94420	1496	68.7
6443.8245	11.683	22436	1456	60
6426.8289	11.676	454234	1448	80
6423.8059	11.743	134732	1526	100
6422.8145	11.56	18780	1398	60.3
6422.8096	11.746	497708	1533	77.8
6411.8741	11.949	26600	1596	48.2
6410.846	11.679	426809	1453	69.6
6407.8566	11.739	186844	1516	94.6
6406.8455	11.73	47615	1477	92.9
6405.855	11.742	609913	1523	80
6404.8984	11.678	106866	1452	69.6
6400.906	11.495	23751	1382	43.5
6391.8846	11.953	25052	1598	55.4
6391.8698	11.361	12059	1353	56.9
6388.8625	11.785	1408797	1562	87
6388.8616	11.685	910477	1458	83.4
6386.8544	11.996	15272	1601	46.4
6384.8926	11.506	14356	1388	60.6
6384.8592	11.739	577680	1518	100
6384.858	11.375	27776	1362	66.1
6383.8558	11.737	2977537	1505	100
6382.9303	11.566	49405	1401	68
6379.9292	11.508	41738	1389	78.8
6378.9418	11.019	13542	1302	45.2
6377.9356	11.505	148973	1386	74.9
6373.9007	11.89	58421	1593	59.4
6369.8843	11.372	50342	1361	85.1
6366.3858	11.722	12274	1465	36.8
6364.9229	11.737	1251170	1506	80
6363.9218	11.735	2304636	1493	80
6357.4036	11.736	16061	1499	57.6
6346.9074	11.368	151120	1359	67.5
6345.9139	11.737	90102376	1502	100
6345.9069	11.361	91693	1352	61.1
6344.9762	11.736	21775536	1497	80
6297.8702	11.635	43680	1432	100
6291.8423	11.635	25452	1431	74.7
6290.8401	11.642	10826	1435	40
6289.8414	11.642	373848	1434	79.2
6277.8899	11.729	24965	1475	39.8
6276.8712	11.724	27207	1467	38.4
6274.8736	11.661	36330	1444	69.6
6273.8623	11.64	118115	1433	80
6272.8004	11.73	113088	1476	80
6252.8909	11.653	96487	1442	74.8
6251.8762	11.652	681948	1441	100
6250.8118	11.657	1076617	1443	80
6248.8192	11.738	126471	1510	60
6234.8392	11.735	36733	1494	54.6
6233.8476	11.732	218716	1481	80
6212.8598	11.494	35307	1381	62.7
6210.8696	11.733	1630221	1489	96.5
6156.6513	0.669	20112	589	41.9
6141.7555	11.796	16271	1569	77
6119.7752	11.596	15350	1410	30.1
6119.7699	11.783	428724	1559	100
6118.7749	11.781	390938	1555	86.2
6103.804	11.767	40933	1542	65.8
6102.8031	11.785	323450	1561	100
6099.8229	11.74	94201	1522	80
6083.8039	11.612	88068	1425	99.3
6080.8249	11.771	2843634	1545	100
6079.8425	11.764	2085859	1539	80
6077.7933	11.598	70562	1414	80
6062.8186	11.649	100963	1437	73.1
6055.8087	11.594	59230	1407	50.9
6054.7993	11.597	546823	1412	80
6041.8747	11.681	87109	1455	73.3
6039.8483	11.643	101276	1436	60
6039.8472	11.735	45931	1491	62.2
6039.8293	11.602	100453	1419	75.7
6038.8241	11.6	441703	1417	100
6017.857	11.468	123656	1368	73.6
6016.856	11.603	2102227	1420	96
6001.8488	11.605	35834	1422	85.2
6000.8588	11.604	150843	1421	79.1
5834.6749	11.494	10653	1380	60
5817.7084	11.489	38468	1374	69.7
5812.7037	11.491	37574	1376	79.2
5790.7162	11.493	164217	1377	80
5789.7271	11.494	445373	1379	80
5773.7496	11.493	307782	1378	100
5752.78	11.489	58162	1373	86.9
5752.737	11.15	34742	1320	60
5751.7737	11.497	2449456	1384	100
5751.7626	11.367	14316	1358	43.6
5748.7255	11.14	31408	1311	80
5734.756	11.362	35553	1355	47.3
5733.7861	11.366	70515	1356	67.6
5725.7513	11.145	132668	1314	75.1
5709.7767	11.148	168700	1315	99.4
5705.8617	8.378	18088	1049	77.4
5688.8009	11.15	40091	1318	66
5687.8032	11.149	1349414	1316	100
5494.6477	11.309	22024	1342	60
5489.6368	11.311	33989	1343	98.7
5483.6305	11.319	13233	1349	43
5466.6538	11.312	165820	1344	80
5447.7634	8.359	16560	1045	45.2
5444.6704	11.313	921210	1347	100
5428.702	11.313	396997	1346	100
5425.7778	8.364	22672	1047	64.5
5425.6854	10.493	13150	1271	59
5423.7235	11.157	21751	1322	58
5423.7229	11.218	8919	1338	33.3
5423.7203	11.307	109740	1341	80
5419.6734	10.49	25805	1265	68.3
5406.7257	11.316	3409730	1348	100
5402.7053	10.493	61336	1268	80
5396.6941	10.492	205941	1267	80
5391.724	11.123	50831	1307	77.4
5389.7125	11.131	48579	1310	100
5380.7232	10.493	142129	1270	80
5359.7838	10.491	33181	1266	60
5359.7504	10.331	32827	1242	37.7
5358.7538	10.493	1095672	1269	100
5183.6059	11.165	21540	1327	46.7
5166.6354	11.165	62048	1326	77.5
5139.6461	11.17	154852	1331	98.8
5138.6427	11.164	451995	1325	92.5
5136.6195	10.239	10850	1231	59
5134.004	11.49	15213	1375	63.1
5125.6791	11.022	10268	1303	31.9
5122.6756	11.169	348880	1329	100
5119.6374	10.246	38089	1233	80
5104.6914	11.015	31813	1300	73.7
5100.6964	11.169	2214665	1330	100
5097.661	10.248	105142	1237	100
5092.6578	10.242	57594	1232	100
5091.6466	10.248	286795	1235	80
5082.6818	11.017	189177	1301	80
5075.6861	10.248	250870	1236	100
5054.7269	10.361	19634	1257	30.9
5053.7144	9.938	9396	1200	33.7
5053.7053	10.247	1906586	1234	100
5053.6949	10.085	32458	1218	60
4881.1846	0.568	24702	385	80
4863.5473	10.964	25896	1292	60
4847.58	10.968	57760	1295	80
4841.5701	10.967	66252	1293	92.8
4836.5862	10.078	18970	1210	61.3
4830.5829	10.079	40469	1211	76.1
4819.5878	10.968	599440	1294	97.2
4814.6037	10.074	57954	1207	80
4808.5947	10.08	81158	1214	80
4803.6159	10.969	396224	1296	100
4788.6161	10.336	47821	1246	80
4787.6172	10.077	18681	1209	92.2
4786.6094	10.079	648627	1212	99.1
4785.6238	10.793	26028	1285	60
4782.6441	10.793	43664	1286	97.4
4781.6404	10.97	2745225	1297	100
4781.634	10.801	10863	1288	45.6
4771.6446	10.076	24146	1208	100
4770.6425	10.081	382376	1215	100
4764.6277	10.844	22732	1289	60
4763.6226	10.793	144987	1287	80
4749.7275	11.747	47107	1534	56.2
4749.665	10.352	18571	1256	37.4
4749.661	10.064	15811	1205	60
4749.6278	10.564	20921	1275	35.7
4748.6638	10.082	2832083	1216	100
4556.4792	10.567	23659	1279	50.5
4540.5052	10.569	40695	1284	76.3
4534.4976	10.563	70386	1274	80
4512.5147	10.568	233795	1281	99.1
4496.5467	10.568	50556	1282	80
4491.5313	10.566	14580	1276	97.1
4490.5314	10.566	1209134	1277	100
4490.5088	10.399	13217	1262	44.6
4474.5646	10.567	692858	1278	100
4473.5289	10.367	47082	1259	59.2
4472.5853	10.568	113883	1283	70.2
4472.5215	10.344	22348	1254	49.3
4463.5409	9.652	26864	1183	71.2
4454.5909	10.367	78780	1258	80
4453.5906	10.373	75536	1260	87
4452.5867	10.567	5355238	1280	100
4447.5756	9.66	64537	1188	82.9
4441.5607	9.652	245779	1182	79.2
4434.575	10.335	455794	1245	100
4425.5968	9.659	220044	1187	100
4420.5618	9.727	17079	1192	63.3
4406.6225	9.652	125732	1181	100
4404.617	9.659	373088	1186	100
4403.6162	9.655	1017645	1184	100
4318.526	10.562	13191	1273	34.3
4317.5355	10.559	12932	1272	60
4228.477	10.34	27989	1248	60
4212.5056	10.341	72415	1249	80
4206.4921	10.342	87223	1250	80
4190.5212	10.346	193249	1255	100
4184.5047	10.34	627082	1247	100
4168.5438	10.343	583881	1253	80
4163.5343	9.275	20986	1130	60
4157.5182	9.272	40156	1128	80
4149.5653	10.164	29181	1228	54.8
4148.5623	10.164	28631	1229	39.6
4146.5635	10.156	65625	1227	60
4146.5604	10.343	4098839	1252	100
4141.5501	9.275	115563	1131	95.6
4136.538	9.274	28206	1129	69.6
4135.5375	9.277	330091	1132	100
4128.5504	10.1	376742	1219	100
4123.5349	10.288	83025	1240	75.8
4119.5696	9.279	338136	1133	100
4098.5899	8.998	11473	1098	34.5
4097.5906	8.929	23745	1095	70.5
4097.5897	9.281	2438044	1134	100
4086.431	6.431	22261	845	57.3
4049.5904	11.739	22619	1512	70
4011.5037	10.343	19283	1251	60.4
3981.2467	0.849	16784	648	60
3906.4797	10.137	26438	1221	46.4
3900.4629	10.144	37615	1226	60.4
3884.4955	10.14	123617	1223	100
3880.4945	9.611	26173	1168	98.9
3878.4807	10.139	345279	1222	97.9
3873.484	9.599	23993	1161	60
3871.5313	11.736	232162	1500	100
3871.5269	9.284	45011	1135	96.2
3862.5148	10.143	329124	1225	100
3857.5088	9.613	143211	1173	100
3852.4959	9.612	83350	1171	100
3851.4936	9.611	74364	1170	100
3844.6225	6.422	8968	833	58
3844.5117	9.896	11900	1199	65.2
3840.5349	10.141	2943916	1224	100
3832.5059	9.343	41699	1148	74.3
3832.4877	9.364	9711	1151	45.4
3829.5111	9.613	1372029	1175	100
3823.5068	9.879	31524	1196	62.7
3822.5244	9.887	213023	1198	100
3817.497	10.021	50725	1204	71.3
3813.5447	9.614	984085	1177	100
3809.4978	9.209	58928	1121	60
3809.491	9.35	57403	1149	72.9
3794.5654	9.816	24110	1193	48.4
3792.5652	9.878	23462	1195	89.5
3792.5645	9.611	347464	1169	100
3791.5917	11.729	29017	1474	67.8
3791.5638	9.613	6450776	1174	100
3791.5637	9.414	111369	1153	60
3791.5636	9.863	32942	1194	60
3791.5608	9.245	241291	1124	100
3656.5054	9.613	38846	1176	34.7
3593.3988	9.602	38617	1162	73
3577.4251	9.604	71985	1163	100
3571.418	9.615	94280	1179	100
3556.4473	9.606	139626	1165	100
3552.7209	11.778	39221	1552	69.3
3549.4431	9.651	81458	1180	85
3549.4282	9.605	462957	1164	94.7
3544.4223	8.532	34858	1065	80
3533.4635	9.606	621670	1166	100
3528.484	9.658	77297	1185	98.9
3528.4551	8.534	64444	1069	100
3526.4787	9.674	205309	1189	100
3522.4392	8.535	67180	1071	92.8
3515.455	9.268	44105	1127	78
3511.4824	8.988	11013	1097	38.5
3511.482	9.607	4781258	1167	100
3511.4791	9.414	186003	1152	67.5
3506.4745	8.537	153774	1073	100
3503.4533	9.09	30864	1110	60
3500.4566	8.531	208440	1063	87
3493.4762	9.337	11681	1146	45.6
3493.4719	9.256	517225	1125	100
3488.4482	9.225	41056	1122	68.1
3484.492	8.534	404914	1068	100
3462.511	8.533	2959433	1066	100
3462.5085	8.783	52530	1084	59
3462.5068	8.345	80712	1044	46.5
3462.5063	8.084	41821	1011	47.3
3356.4212	9.001	21468	1100	74.9
3288.3499	9.332	44715	1141	96
3283.3468	8.238	16553	1018	60
3272.3846	9.333	79479	1143	100
3266.3695	9.331	78777	1140	100
3261.3604	8.243	37217	1021	75.8
3250.4022	9.339	173580	1147	100
3245.3925	8.244	53292	1024	98.2
3244.388	9.329	214027	1139	87.7
3239.3816	8.246	79422	1026	80
3228.4216	9.336	454932	1145	100
3219.4133	8.563	7677	1074	30.7
3219.4124	9.101	16760	1115	60
3212.9064	11.745	81456	1529	87.8
3212.4073	11.792	77967	1565	87
3210.9222	11.676	107196	1449	79.4
3210.9207	11.782	85309	1556	56.9
3210.4133	9.002	46200	1101	100
3206.4401	9.333	3339271	1142	100
3206.4375	9.118	65412	1117	52.3
3197.428	9.093	165985	1111	100
3197.4279	8.574	116317	1075	95.9
3195.4167	8.243	173699	1022	80
3192.4438	11.755	18142	1537	43.1
3189.9742	11.476	22585	1371	41
3189.4712	11.496	52615	1383	65
3188.429	9	326896	1099	100
3187.9537	11.824	29304	1582	75.7
3185.4585	9.098	20070	1112	39.2
3184.3932	8.641	40002	1078	52
3182.426	9.201	73240	1120	73.8
3179.4515	8.531	23014	1064	55.9
3179.4509	8.246	674947	1027	100
3179.4473	7.798	16484	975	50.2
3160.4001	8.064	91850	1010	79.7
3157.4687	8.247	4281684	1028	100
3157.4673	7.8	95840	976	79.1
3157.4667	7.967	51249	1008	41.3
3157.4665	8.531	212430	1062	100
3157.4621	7.871	37393	980	56.7
3094.4508	0.553	32423	283	80
3027.9041	11.595	126256	1408	89.4
3019.9175	11.592	47962	1404	73.2
3009.9301	11.598	77164	1413	80
3008.4238	11.598	1675044	1415	100
2989.3259	9.066	25809	1105	85.2
2986.3255	0.571	8174	403	40.3
2983.3102	9.062	37829	1104	97.3
2978.3047	8.388	37812	1057	95.7
2973.8958	11.767	8853	1541	45.1
2967.3421	9.069	72704	1109	99.3
2961.3287	9.057	57805	1102	100
2956.3213	8.388	76411	1056	99.5
2945.363	9.068	164006	1107	100
2939.3462	9.062	200764	1103	100
2929.3227	8.361	5632	1046	37.2
2923.3806	9.069	362621	1108	100
2912.3572	8.384	476158	1054	100
2905.373	8.79	27183	1088	80.4
2901.3986	9.067	2387494	1106	100
2901.3955	8.834	74988	1091	81.4
2899.9589	7.01	54744	912	51.2
2896.3848	7.885	12404	982	35.9
2896.3582	8.652	20551	1081	60
2890.8535	0.576	12435	435	47.2
2890.3751	8.376	1255720	1048	85.2
2883.3888	8.787	170138	1086	100
2880.4197	9.099	13545	1114	60
2877.3867	8.887	42983	1092	74.5
2874.4106	8.385	1128432	1055	100
2874.4075	8.891	58038	1093	70.7
2874.4057	7.886	65687	983	81.2
2874.3782	8.613	12180	1076	37.4
2874.3776	8.65	21194	1080	38.3
2869.8951	6.213	9731	813	35.9
2868.3773	7.807	42094	977	76
2863.3766	11.15	172452	1317	90.3
2860.7729	0.573	22684	420	66.6
2855.9031	11.142	4604	1312	30.9
2854.3677	7.566	29220	963	65.5
2853.4221	8.799	12823	1089	40.8
2853.3962	8.196	27572	1016	57.5
2853.3737	7.561	62701	962	69.7
2852.4279	8.384	6732016	1053	100
2852.4253	7.933	24436	984	45
2852.424	8.898	125929	1094	72.9
2852.4223	7.882	435992	981	87
2852.4139	8.749	46136	1083	46.3
2852.4004	8.649	315176	1079	100
2846.4073	11.122	25490	1306	69.6
2844.4123	11.204	10279	1336	51.8
2844.3983	11.126	19792	1308	64.5
2823.5431	11.998	128287	1602	100
2800.5187	11.831	17034	1584	43
2781.5852	0.571	7508	406	45.5
2776.7207	0.564	7285	353	51.1
2722.8386	11.312	14752	1345	31.3
2717.3732	8.381	75539	1050	99.8
2704.3704	11.15	26638	1319	36.9
2698.223	8.318	24163	1029	97.8
2679.8721	10.26	6925	1238	32.9
2676.2412	8.322	52501	1032	79.5
2660.2728	8.321	65751	1030	96.5
2654.259	8.326	98567	1038	100
2649.2504	7.061	21428	921	96.7
2636.4037	0.554	4878	293	50.8
2633.2833	7.064	26293	928	52.8
2631.3162	8.439	23539	1059	60
2627.2684	7.057	57991	915	100
2620.2795	7.954	20395	1006	91.5
2614.2646	7.946	22550	999	51.4
2611.302	7.061	67599	923	83.6
2610.2946	8.325	247098	1035	100
2609.3281	8.443	48266	1061	77.4
2605.2861	7.06	101929	916	95.9
2600.338	8.96	51913	1096	99.4
2598.3006	7.95	67540	1004	100
2594.3292	8.327	859541	1042	100
2594.326	8.105	35809	1012	60
2592.2852	7.952	38649	1005	100
2587.3466	8.44	354692	1060	100
2581.6853	9.319	13002	1138	36.9
2576.3196	7.949	167554	1003	100
2574.3478	8.536	12171	1072	56
2572.3468	8.328	5034728	1043	100
2572.3464	8.106	194841	1013	98.3
2572.3415	7.451	33081	949	60
2571.3258	11.201	11788	1335	43.2
2569.8232	11.213	5710	1337	31.3
2568.3387	8.182	31150	1015	57.8
2563.3338	7.505	116905	953	99.6
2562.3378	11.16	11784	1324	39.3
2554.3351	7.949	959995	1002	100
2550.8481	0.577	4738	443	30.5
2549.3346	7.063	18761	925	42.3
2549.3184	7.342	103864	937	100
2548.7054	0.572	8099	410	49.6
2546.3547	8.207	218685	1017	75.4
2545.3576	7.06	701925	917	100
2545.356	6.368	12855	828	78.6
2543.0217	11.784	11685	1560	45.6
2542.7883	0.555	22435	297	49.6
2539.846	11.12	11474	1305	52.2
2534.6642	0.579	44250	455	72.9
2533.3229	7.274	15247	935	51.2
2525.3721	7.214	32167	932	69.3
2524.3801	7.559	4946	961	34.4
2524.3776	6.9	13558	896	65.5
2523.3773	6.432	23845	846	38.7
2523.3752	7.06	3639095	919	100
2523.375	6.377	73022	829	80
2523.3724	7.503	60340	951	71.2
2523.3652	7.174	105174	931	65.2
2510.2954	7.01	74508	911	95.5
2474.3702	11.735	158332	1495	100
2474.3672	8.322	103209	1031	100
2470.6912	0.577	17406	444	54.6
2470.4809	10.932	40008	1290	72.9
2464.6961	0.577	15453	446	51.7
2455.4693	11.442	95708	1367	99.4
2437.2897	8.327	30982	1041	98.5
2399.7406	0.55	11495	262	59.2
2398.5962	0.951	29633	660	66.1
2398.2118	7.944	9237	995	43.7
2392.1954	7.94	31905	987	80
2376.2321	7.944	33739	994	73
2374.8373	10.269	11177	1239	50.3
2370.216	7.947	62407	1000	61.1
2354.2494	7.943	78990	990	85.9
2349.2411	6.544	12134	853	52.4
2348.2331	7.947	104072	1001	100
2343.2246	6.55	32525	866	100
2334.9524	0.579	23853	457	75.5
2330.2237	7.498	5168	950	31.9
2327.2589	6.551	31498	867	66
2321.2425	6.549	75617	863	100
2320.8987	0.576	14705	432	55.6
2315.2286	6.541	18471	852	40.6
2314.2552	7.507	19288	955	67.5
2308.2403	7.505	17610	952	50.2
2305.2754	6.553	97978	868	100
2304.2666	7.942	120883	988	98.3
2299.2596	6.546	129907	854	80
2297.3146	11.733	19944	1488	65.8
2294.3149	8.635	53648	1077	67.2
2292.2759	7.506	54538	954	100
2288.3036	7.945	930388	997	100
2287.2532	7.687	29299	972	60
2286.8611	0.569	12086	395	65.2
2286.2572	7.522	29584	959	85.4
2280.2764	7.099	28272	929	80.7
2280.2761	7.601	42911	966	100
2277.7444	0.546	8835	236	67.8
2270.2929	7.512	163133	957	100
2266.3213	7.944	4767282	993	100
2266.3191	6.978	36588	909	52.3
2266.3175	7.685	32602	971	59.4
2266.3169	7.538	40320	960	91.3
2266.3142	7.744	74659	974	85.7
2265.3333	11.729	20028	1473	68.7
2265.2714	7.681	44551	970	99.7
2258.2931	7.1	197256	930	100
2258.2921	7.6	213902	965	100
2255.2954	6.537	22946	851	64.5
2250.9443	0.577	7667	442	61.3
2249.7519	0.545	17465	230	59.1
2249.3042	7.605	64658	967	60.5
2248.3093	7.508	716244	956	100
2245.3382	7.864	48041	979	64.9
2243.2942	7.708	171473	973	100
2243.2918	7.236	27416	934	41.8
2243.2898	6.782	42622	890	53.6
2241.2678	5.99	10317	797	42.5
2239.3338	6.81	65773	892	78.3
2239.3321	6.548	1045922	860	99.3
2239.3303	5.827	18464	787	40.8
2239.3274	6.211	10123	812	40.6
2227.2988	7.619	251829	969	87
2227.2904	10.416	16163	1263	55.4
2227.2579	6.277	22813	820	78.4
2226.792	10.384	20233	1261	54
2220.779	9.704	10363	1191	48.7
2219.2842	6.002	131728	801	86.7
2218.3522	5.836	26279	788	53.8
2218.3496	5.772	11088	781	61.9
2218.2949	6.909	15225	897	51.5
2217.3496	6.547	5142524	856	100
2217.349	6.213	82016	814	96.4
2217.3485	7.037	113909	913	82.1
2217.3469	5.823	57028	786	70.3
2217.3467	5.459	57670	768	100
2217.3434	6.835	173223	893	80
2206.5789	0.741	16336	608	75.4
2205.2743	6.271	59510	818	100
2204.271	6.276	110190	819	97.7
2195.8529	10.08	8327	1213	31.2
2173.7896	0.524	12230	124	66.9
2155.2836	11.826	11407	1583	50.1
2152.939	11.809	28195	1573	79.8
2152.6063	11.817	29756	1580	80
2149.446	11.191	14836	1334	45.6
2148.2719	11.793	23732	1566	48.4
2144.9512	11.952	4810	1597	31.5
2142.9421	11.801	180807	1571	78
2142.2761	11.769	78252	1544	52.9
2140.9357	11.744	37216	1528	54.8
2140.619	11.806	171842	1572	60
2137.6163	11.795	220076	1568	60.5
2137.2909	11.782	34707	1557	79.8
2136.9492	11.794	264905	1567	67.5
2136.6136	11.821	70348	1581	68.4
2136.2814	11.547	68338	1394	78.5
2134.9624	11.752	252233	1536	80
2134.2957	11.797	596714	1570	79.4
2131.2632	7.939	39445	986	78.8
2130.622	11.475	23566	1370	53
2130.621	11.54	36251	1392	64.4
2128.9541	11.555	183521	1396	68.6
2128.6213	11.361	24526	1354	80
2128.6204	11.488	20609	1372	56.6
2128.2834	11.745	513996	1530	80
2126.9748	11.738	2079287	1509	80
2126.6455	11.739	1954275	1517	80
2126.3102	11.469	8988	1369	36.3
2126.3081	11.74	2316920	1519	80
2126.302	11.863	7561	1591	47.1
2126.3011	11.651	19466	1440	58.7
2126.2968	11.772	6369	1546	43.5
2125.9686	11.958	121267	1599	50.8
2125.634	11.847	22758	1588	35.7
2125.6318	11.677	17424	1450	65.6
2125.3011	11.897	66315	1594	30.9
2123.297	11.777	992150	1549	69.6
2123.2969	11.683	538969	1457	69.6
2121.9704	11.745	776354	1532	80
2120.6316	11.833	5693	1585	34.8
2119.974	11.889	8630	1592	33.5
2119.6292	11.745	1648301	1531	80
2118.3093	11.727	86603	1468	78.2
2117.6398	11.695	101487	1461	69.6
2117.639	11.778	146676	1551	86.8
2116.3057	11.541	458382	1393	67.5
2115.3046	11.366	76478	1357	50.9
2105.3218	6.547	66070	857	100
2104.6067	11.63	12883	1429	49.8
2086.1695	7.361	22007	945	75.8
2083.9593	11.504	13232	1385	46.7
2077.7296	0.518	19965	69	43.7
2070.622	11.593	12359	1405	32.6
2064.2762	10.083	11358	1217	54.4
2064.1894	7.356	48416	938	97.9
2063.0099	0.577	19729	449	65.7
2049.2967	9.524	9186	1157	39.9
2048.2228	7.359	68327	940	99.3
2042.2077	7.363	88792	948	100
2037.2009	6.424	58834	835	87
2035.2693	11.766	28795	1540	80
2033.5928	11.617	34205	1426	100
2033.2555	11.596	9946	1411	59.5
2031.1874	6.42	25196	831	63
2028.2754	11.728	16479	1470	44.5
2026.2409	7.361	137334	946	80
2025.2844	11.743	15874	1527	50.6
2023.7969	0.543	8329	222	41.9
2020.2252	7.358	143625	939	80
2015.2179	6.425	111379	836	100
2009.2004	6.414	29684	830	100
2008.2324	6.938	16190	906	48.4
2004.2596	7.36	307494	944	100
2002.2111	6.928	15389	902	33.5
1999.251	6.424	133448	834	100
1998.2426	7.36	234461	942	100
1993.2351	6.43	199354	844	80
1987.2228	6.426	37080	841	40.4
1986.2501	6.929	49241	903	78.6
1983.8085	0.529	25091	159	76.9
1982.2779	7.36	677460	943	100
1979.1954	6.922	24684	898	77.5
1974.2508	6.556	49375	869	80
1967.8342	0.544	9580	226	54
1964.2672	6.933	115641	904	100
1960.7712	1.455	16758	692	53.5
1960.2956	7.36	3433416	941	100
1960.2931	6.836	10338	894	78.2
1958.9814	0.672	21951	592	78.3
1958.1769	6.568	11247	874	52.2
1957.2148	6.934	22775	905	52.9
1955.2706	1.016	12826	666	78.9
1952.2684	6.562	233143	872	100
1951.2226	5.999	10544	800	61.7
1949.2729	6.425	1098550	837	100
1945.7146	0.523	31024	122	60
1942.2847	6.925	473402	900	87
1942.2127	6.56	23640	871	70.2
1939.3191	7.594	34576	964	76.8
1937.2669	7.226	145223	933	90.1
1937.2394	9.595	14186	1160	63.4
1936.737	9.613	27034	1172	47
1936.2232	5.637	20639	774	50
1936.2199	5.225	5675	757	41.7
1936.1969	6.549	20028	864	55.9
1935.8027	0.523	87906	115	100
1935.2321	6.926	59982	901	80
1934.7006	0.971	23183	662	47.3
1934.2497	6.147	32820	808	63.5
1933.3073	6.426	1464492	839	100
1933.3066	5.622	34033	772	68.6
1929.2418	5.995	88207	798	100
1920.7685	9.938	18643	1201	62.1
1920.2665	9.962	36099	1202	30.5
1920.2294	6.563	82387	873	100
1915.2567	9.266	8549	1126	63.6
1914.2497	5.646	12831	776	52.4
1914.2449	5.599	20461	771	61.1
1914.2419	5.314	21535	765	41.5
1914.2399	6.154	50097	809	97.1
1914.2395	5.23	45760	758	60.1
1913.2706	6.271	12441	817	55.7
1913.2477	6.924	281780	899	87
1913.2454	6.977	45854	908	63.7
1912.2804	6.29	5900	821	41.2
1912.261	6.157	124819	810	98.5
1911.325	6.426	6820867	840	100
1911.3234	5.628	148978	773	100
1911.3225	5.582	27046	770	64.5
1911.3189	7.002	149322	910	80
1910.92	11.144	27689	1313	75.5
1908.7206	10.065	25242	1206	51.8
1907.3751	11.783	11705	1558	57.9
1898.2459	5.562	22580	769	60.9
1898.2455	5.771	71996	780	84.7
1898.2452	6.559	449166	870	100
1898.2449	5.405	85089	766	92.4
1896.9323	11.242	13463	1339	71.2
1896.2795	9.885	26668	1197	41.9
1851.7822	0.52	11826	93	63.1
1849.2749	9.485	9485	1155	48.2
1848.7698	9.462	7194	1154	46.5
1825.2399	7.362	36777	947	90.1
1815.5581	11.352	21619	1351	80
1813.8083	0.516	37257	51	100
1809.5661	11.179	5044	1333	33.6
1803.9009	11.13	14964	1309	49.9
1803.7788	0.539	53933	194	98.9
1796.9039	11.101	18081	1304	49.7
1793.8291	0.517	14816	60	65.1
1776.2658	6.421	35616	832	49.5
1769.2168	9.24	7987	1123	52.6
1765.7644	0.517	11006	55	30.1
1750.7306	8.534	48302	1067	80
1750.2299	8.534	52338	1070	100
1745.8232	0.522	2650106	113	100
1741.1255	6.694	9731	880	44.9
1732.2384	8.83	21936	1090	52.4
1728.8465	0.547	149054	241	80
1725.1594	6.701	22711	887	78.8
1720.5415	11.173	20679	1332	73.9
1719.1418	6.69	42185	878	80
1708.1485	4.691	16684	742	62.9
1703.1762	6.739	21872	889	62.8
1700.5647	10.977	5842	1299	31.4
1697.1602	6.695	92441	883	100
1690.2056	6.307	13013	822	53.2
1686.166	4.685	58427	741	98.5
1681.7839	0.522	32508	104	87
1681.1934	6.695	165753	884	100
1680.1482	4.677	6214	738	39
1676.1805	6.656	22744	875	69.6
1676.18	6.717	42566	888	69.6
1671.7548	0.531	34081	171	67.9
1670.1993	4.684	39396	740	80
1668.2242	6.316	43272	824	80
1664.1825	4.697	106909	749	95.4
1663.1829	6.075	22709	804	77.1
1659.2117	6.696	346583	886	100
1657.7465	0.546	36081	238	97.7
1657.168	6.071	17153	802	80
1653.2198	6.483	9991	848	45.7
1653.1949	6.693	225083	879	100
1649.2178	4.758	15638	751	67.4
1648.2166	4.694	86502	746	100
1647.2442	6.178	24309	811	68.4
1647.2428	6.315	78815	823	90.6
1646.2435	6.316	175153	825	98.3
1643.2413	7.522	75791	958	100
1642.2003	4.704	109648	750	85.2
1641.2012	6.085	56080	807	98.4
1637.2303	6.696	768530	885	100
1635.1852	6.073	19686	803	60.9
1631.2407	6.484	84875	849	82.1
1629.2009	6.223	18642	815	50.7
1627.2378	4.694	128291	745	100
1623.8278	0.517	597286	54	85
1623.2147	5.26	126124	762	100
1622.695	9.361	30088	1150	67.6
1622.1929	9.333	70087	1144	100
1621.2212	4.697	69762	748	80
1619.2187	6.079	138045	805	100
1615.2481	6.694	4174772	881	100
1615.2474	6.487	78493	850	70.4
1615.2465	5.997	25416	799	35.4
1614.2023	5.694	46100	778	100
1613.7985	0.54	1134850	196	100
1612.2085	8.243	60131	1020	80
1610.2649	7.041	27152	914	54
1609.2011	4.681	31098	739	80
1609.1997	8.245	60737	1025	80
1608.6987	8.242	143992	1019	100
1608.2154	5.44	72704	767	80
1607.8498	0.561	34971	337	90.3
1607.2201	6.224	124248	816	100
1607.2194	6.365	83863	827	53.9
1606.2019	11.835	4886	1586	34.5
1606.1786	5.011	9030	754	31.5
1605.9533	11.688	38171	1460	62.6
1605.9525	11.779	67938	1553	69.6
1605.2032	10.118	7781	1220	52.6
1604.2536	4.695	569333	747	100
1603.8419	0.516	25176	48	85.6
1603.7182	9.144	6741	1118	31.8
1597.8237	0.556	81581	302	96.9
1597.7073	8.244	1042013	1023	100
1597.2371	6.08	687950	806	100
1596.7141	11.739	360506	1513	100
1596.4631	11.738	397599	1508	100
1596.2127	11.739	404470	1515	100
1595.9626	11.74	367976	1521	100
1595.83	0.523	37142	114	75.6
1593.4772	11.993	9595	1600	63.8
1593.2038	5.233	81968	759	100
1593.2027	5.185	11901	756	61
1592.2197	5.697	285055	779	100
1591.2164	9.187	10502	1119	37
1591.1759	4.026	18098	727	74.8
1589.9723	11.778	15004	1550	65.2
1589.7225	11.815	9202	1577	61.1
1585.1878	3.662	56953	717	80
1584.1963	5.051	80436	755	80
1582.271	4.694	2365111	744	100
1582.2709	4.019	19869	726	62.2
1582.2709	3.624	29596	714	54
1582.2695	5.934	43708	796	66
1582.2694	3.752	21347	718	60.8
1579.2347	7.98	8219	1009	47.6
1569.1941	4.012	92754	725	87
1569.1921	3.868	63843	721	74.9
1563.4745	11.617	28786	1427	69.6
1555.84	0.536	937371	184	98.8
1549.76	0.524	24311	128	57.5
1543.723	0.53	12320	167	87
1537.8718	0.557	115399	308	99.1
1529.6155	0.527	4761	152	33.4
1527.7157	0.545	10082	234	80
1525.7042	11.75	20263	1535	33.5
1525.6076	0.542	6081	214	42.2
1521.2089	11.728	77201	1471	78.9
1514.3678	10.333	28645	1243	34.8
1514.202	11.634	37533	1430	76.8
1513.7001	11.599	57247	1416	80
1509.9656	11.708	16722	1463	52.8
1501.8307	0.513	59870	36	75.1
1491.801	0.523	172773	123	91.4
1482.5195	0.552	14464	278	48.6
1481.7725	0.543	283257	220	100
1480.1922	6.69	61983	877	80
1475.8966	11.505	7645	1387	34.6
1475.6902	0.53	25187	165	77.8
1471.8173	0.517	34853	66	85
1470.6787	8.391	46056	1058	80
1467.6706	8.383	54833	1051	80
1467.6591	0.55	23403	258	100
1467.1713	8.383	127640	1052	100
1466.8066	0.551	21841	267	60
1465.6508	0.539	8636	192	50.1
1461.5883	0.55	11323	259	80.6
1453.5441	0.557	16713	313	60
1448.4976	0.56	8234	333	34.6
1442.687	0.528	7429	153	37.5
1437.9435	11.351	15999	1350	58.2
1437.2022	8.787	13951	1087	60.7
1437.1999	7.837	8793	978	50.5
1435.6563	0.538	12941	189	35
1433.8432	0.52	194634	94	87.8
1432.2553	0.614	22383	562	60
1431.4385	11.15	32938	1321	47.1
1431.0952	0.689	11959	602	69.6
1429.5956	0.543	17256	218	42.5
1426.7119	8.705	11920	1082	34.2
1423.8145	0.545	421286	233	96.1
1422.2026	11.249	17408	1340	61.7
1417.8691	0.556	18070	305	51.6
1412.6888	0.528	64994	158	77.2
1407.9793	11.732	13703	1480	54.2
1407.4285	11.739	14756	1511	43.3
1406.8415	0.563	30560	349	74.6
1406.6703	0.544	67146	223	80
1405.4893	0.561	4607	341	44.9
1404.708	0.523	6814	116	59.2
1403.4566	0.567	4592	382	31.4
1393.1881	0.61	51008	553	81
1385.5049	0.552	94262	275	63.4
1380.7339	0.522	8043	106	40
1379.8324	0.512	14347	30	31.7
1376.1515	5.812	21948	783	69.4
1373.4561	0.568	33567	386	60
1370.1365	5.817	8435	785	77.2
1370.1352	5.86	43477	791	52.4
1369.8056	0.518	44820	67	86.8
1365.8555	0.546	179772	240	95
1364.6439	0.544	71394	224	60
1364.1091	0.606	10837	535	67.6
1359.7767	0.528	139531	156	90.9
1357.7043	0.522	6462	111	36.4
1354.1704	5.873	138316	792	79.8
1350.8859	0.568	9006	388	48.8
1349.8816	0.519	35781	86	52
1349.7477	0.542	255810	204	100
1349.5208	0.559	64541	326	63.8
1348.1542	5.879	83488	793	80
1347.8905	0.542	24048	205	54
1343.1749	11.73	19173	1478	49.1
1342.4852	0.57	20905	402	60
1340.657	0.543	73879	217	69.6
1339.7861	0.521	20531	101	39.9
1338.1997	6.789	32195	891	53.1
1337.7269	0.529	11153	163	42.7
1332.1882	5.846	306855	789	100
1331.915	0.56	16832	332	100
1329.1622	1.395	14778	691	42.3
1319.7187	0.522	17200	109	66.2
1319.6475	8.324	68259	1033	80
1317.1905	4.137	15474	730	53.4
1317.1899	4.187	49361	731	74.5
1317.1892	4.831	131957	752	100
1316.6399	8.326	71523	1040	80
1316.1389	8.325	187011	1037	100
1314.1783	5.31	52403	764	80
1313.7129	0.537	28628	186	66.8
1311.6686	0.543	19337	216	50.7
1310.2071	5.917	806139	795	87
1310.2057	5.847	1566950	790	80
1308.6565	8.326	153413	1039	80
1307.8968	0.541	120066	201	95.6
1307.7511	0.519	13848	81	39.5
1307.4257	0.561	198100	338	80
1307.1807	1.391	59933	690	80
1305.6489	8.325	119267	1034	78.6
1305.1481	8.325	358980	1036	100
1304.1564	3.757	26016	719	75.7
1302.1889	4.048	15626	729	77.7
1301.8179	0.525	108747	130	76.9
1300.6251	0.551	63635	273	45
1297.7348	0.522	24238	102	53
1297.1633	8.166	5526	1014	38.9
1295.1612	7.061	65256	922	80
1293.5902	0.558	39483	321	47.7
1292.1956	5.309	382494	763	100
1292.1531	7.063	73156	924	80
1291.9217	0.561	26173	339	78.1
1291.7894	0.542	213035	211	99.8
1291.6524	7.06	168442	920	100
1291.2087	3.773	31613	720	80
1291.1768	9.315	12668	1137	43.4
1288.1631	5.245	75045	760	80
1286.1951	4.692	72830	743	74.9
1286.1943	5.677	85200	777	67.4
1285.1978	1.39	205086	688	80
1284.1712	7.063	141762	926	80
1282.6972	0.539	113359	191	76.7
1282.5008	0.567	49549	379	60
1281.972	11.743	28930	1525	41.2
1281.8333	0.517	27692	57	64.7
1281.1624	7.064	90444	927	80
1280.6607	7.06	312910	918	100
1280.512	9.983	18665	1203	40.7
1279.1695	3.9	33642	723	78.3
1278.3754	11.855	9139	1589	48.6
1278.1676	3.89	131713	722	96.3
1277.7544	0.526	11610	142	60
1276.7718	11.585	45139	1403	54
1276.4845	0.576	6093	437	38.9
1275.9869	11.561	36411	1399	49.3
1275.6779	0.549	122477	257	80
1275.174	10.976	14276	1298	61.8
1274.6136	11.415	15844	1365	67.2
1270.9815	11.844	12620	1587	57.1
1269.7086	0.527	29680	147	71.1
1264.2186	1.725	8448	693	39.5
1264.152	3.599	180253	710	100
1263.2179	1.022	12187	668	59.9
1263.216	1.39	992187	689	97.4
1263.2123	3.362	65751	706	80
1263.207	3.321	10322	701	32.7
1262.1925	11.73	29420	1479	54.2
1261.6856	6.9	8158	895	55
1261.683	7.314	21318	936	41.2
1261.6727	0.545	40930	227	79.5
1257.5811	0.561	60982	340	66.4
1256.7138	0.525	32204	133	79.1
1253.8876	0.513	13643	35	61.8
1251.5518	0.566	5524	375	47.8
1248.6983	0.542	62473	210	95.2
1245.4638	0.572	54665	411	60
1243.859	0.526	68794	136	95.3
1243.7262	0.528	7368	154	39.3
1237.7833	0.522	64086	107	65.1
1233.8306	0.549	161195	249	100
1232.7552	0.549	9710	252	56.3
1232.6273	0.558	54341	320	65.5
1227.8853	0.514	18280	38	69.4
1227.7527	0.534	182931	178	92.9
1221.2297	0.588	9830	468	35
1219.3127	0.615	20215	563	87.9
1217.8558	0.523	17653	120	41.4
1217.7237	0.547	361769	242	100
1215.4811	0.561	181399	344	72.7
1206.7383	0.522	49664	112	65.2
1205.7066	0.541	21351	202	64.2
1205.1482	10.935	9106	1291	53.3
1203.3697	11.651	12710	1439	39.7
1202.5918	0.558	201942	319	80
1201.7496	0.526	19708	143	83
1197.6276	0.553	29699	281	80
1194.753	0.529	15722	160	66.3
1194.543	0.568	40933	389	60
1192.7238	0.539	14903	190	97.2
1190.226	0.589	10328	469	62
1185.9017	0.525	129310	132	92.2
1185.4959	0.57	61033	398	73.8
1184.2392	0.607	18141	540	83.6
1184.1897	0.565	3601	369	31.4
1183.4781	9.595	28080	1159	80.4
1183.1446	9.615	38832	1178	93.6
1181.4317	0.576	8836	438	37.9
1179.8228	0.518	40908	77	69.6
1175.8735	0.54	536940	200	98.7
1175.8295	9.679	51627	1190	76.1
1175.1503	5.813	26311	784	71.9
1170.5792	0.554	187615	291	74.3
1169.928	0.566	14232	374	43.3
1169.7938	0.53	131392	168	91.9
1166.6346	7.937	61690	985	83.4
1165.7339	0.529	40288	162	60
1163.6261	7.943	75571	991	83.7
1163.1256	7.942	217307	989	100
1161.5118	0.568	38868	390	60
1159.9012	0.526	111559	139	78.3
1159.7646	0.547	249285	243	100
1159.5837	0.562	9518	346	34.9
1158.5512	0.568	14449	391	38.2
1157.9066	0.542	29235	206	84.3
1155.6438	7.946	163547	998	84.5
1155.2233	0.591	13346	471	36.6
1153.8153	0.518	7425	75	32.9
1152.7136	0.55	143714	260	80
1152.6361	7.945	116104	996	84.8
1152.4827	0.575	22278	430	48.9
1152.1343	7.944	391077	992	100
1150.2338	0.593	16541	483	35.3
1149.8074	0.521	36578	99	63.8
1143.7253	0.523	16466	121	41
1143.6574	0.555	334801	296	99.8
1142.7934	0.521	9208	98	56.4
1142.1486	6.55	88376	865	85.9
1139.6693	0.548	22324	247	78.8
1139.1404	6.547	89061	855	86.2
1138.6397	6.548	245169	861	100
1135.6392	7.616	12005	968	56
1135.5349	0.573	8281	421	54
1134.5993	0.564	72807	356	76.3
1131.7391	0.527	35129	151	60
1131.1579	6.548	192601	859	87
1129.7426	0.54	21678	199	66.1
1129.6548	0.556	47466	303	80
1128.1498	6.549	122728	862	87.3
1127.6484	6.548	436198	858	100
1127.5442	0.57	44758	396	67.5
1124.2733	0.595	15851	490	38.7
1123.4697	0.574	6662	423	46.8
1121.8617	0.518	25544	68	86.2
1121.2653	0.595	5913	488	33.6
1119.6605	0.549	109551	256	78.2
1117.9158	0.545	1739658	231	94.8
1115.7895	0.517	23043	61	52.6
1115.4341	0.577	10889	448	63.1
1115.2419	0.594	13843	484	35
1113.6918	0.557	43457	310	60
1111.836	0.529	113234	161	88.6
1109.1446	10.334	8568	1244	46.3
1107.621	0.561	57505	345	69.9
1101.8063	0.539	352731	193	98.3
1101.3972	0.614	33363	560	80
1100.9393	0.567	282218	380	100
1100.5789	0.572	31506	408	48.9
1094.7299	0.547	300432	244	80
1093.3872	0.615	11057	564	63
1092.4797	0.578	21081	452	50.2
1091.8535	0.518	28316	73	46.1
1088.2034	0.564	3940	360	36.6
1085.8392	0.519	14686	83	60
1085.7739	0.525	51457	131	77.4
1084.9643	0.576	23370	436	60
1082.7087	0.554	490580	288	80
1080.5044	0.612	77775	558	88
1077.7454	0.528	46087	157	97.5
1074.7094	0.558	25624	324	80
1072.668	0.55	14578	263	30.7
1070.6966	0.554	11377	292	30.6
1069.1478	9.287	41418	1136	77.5
1068.7508	0.544	19846	225	59.7
1066.5808	0.565	260479	370	80
1065.7878	0.526	26735	141	51.9
1064.4766	11.787	452512	1564	79.1
1064.2307	0.549	4810	251	55.5
1063.9063	0.515	40272	47	82.8
1062.8099	9.098	7256	1113	61.1
1061.5744	0.57	11065	399	58.2
1059.8073	0.519	21919	88	42.3
1058.4859	11.55	150010	1395	66.2
1057.4807	0.575	86512	429	80.1
1055.6755	0.554	119952	289	74.4
1053.8774	0.526	151875	144	88.2
1053.6394	0.568	17838	392	56.4
1053.3011	0.599	9554	501	31.5
1047.8187	0.526	96040	145	67.4
1043.849	0.545	380589	232	98.5
1043.4389	0.614	95945	559	100
1043.1139	4.415	45055	732	94.4
1042.7638	0.555	10370	294	52.6
1039.4344	0.607	7481	542	60.7
1038.7701	0.542	135435	209	85.7
1038.6057	0.566	107062	378	72.2
1036.7395	0.545	59916	228	58.9
1034.7954	0.522	27229	105	60
1032.5231	0.577	7640	450	36.2
1031.3624	0.602	9392	517	37.8
1031.2578	0.604	53820	527	93
1029.8339	0.534	43829	175	49.1
1027.8759	0.527	38686	150	83.2
1027.8168	0.518	22387	71	56.4
1027.7414	0.552	351360	277	100
1027.6591	0.564	26916	362	97.3
1027.1482	4.418	183373	734	97.4
1025.9035	0.605	6981	533	37.3
1023.1373	1.358	30175	686	76.6
1022.7548	0.532	36655	172	73.4
1018.7023	0.56	165858	336	80
1017.7861	0.525	59980	134	95
1015.7273	0.552	34377	280	98.2
1015.3862	0.594	8825	485	52.4
1014.4414	0.599	5572	502	32.7
1014.3569	0.607	14343	543	69.7
1009.787	0.526	26166	140	78.9
1007.6549	0.565	225623	365	80
1006.8303	0.517	8161	62	38.3
1006.168	4.449	218777	735	80
1004.7741	0.542	28871	212	60
1004.5897	0.572	43690	412	60
1002.3712	0.606	155103	536	75.5
1001.8297	0.519	18430	84	80.2
1001.617	0.563	33692	348	98.7
1001.5217	0.574	13161	425	50.7
1001.1551	1.32	49614	679	69.6
1001.1547	1.385	54060	687	77.9
998.1336	1.211	64092	675	100
997.9213	0.607	3726	541	40.4
997.5307	0.579	13788	454	54.9
996.7213	0.554	82758	285	69.7
995.92	0.53	986672	164	96.4
994.1244	3.655	27494	716	100
993.2192	0.558	3993	318	42.6
989.8397	0.521	45184	96	96.2
989.8374	0.6	7291	509	38.1
989.7141	0.54	9935	198	62.3
989.1361	6.427	117075	842	100
987.6376	0.563	89761	352	76.2
987.4769	0.616	20024	565	92.3
987.1555	4.036	110212	728	80.7
986.128	6.427	114666	843	100
985.891	0.542	2122870	208	100
985.6268	6.426	379617	838	100
984.7462	0.518	14921	72	36
983.0023	0.297	10822	3	31.4
983.002	0.436	14575	6	60.1
981.6748	0.54	6566	195	37.4
981.0936	3.603	41634	712	100
980.6438	0.566	44710	377	60
979.8112	0.537	165289	187	98.9
979.3375	0.592	18224	477	36.4
979.1731	1.357	240806	685	90.5
979.1262	3.365	32722	708	35
978.9435	0.56	111817	334	78
977.872	0.515	23487	44	40.3
975.7379	0.546	105424	235	80
975.1073	1.191	58120	674	100
974.1248	1.075	25374	669	100
973.6314	0.569	80199	393	60
972.1426	3.652	182303	715	100
972.1426	3.321	71666	698	100
971.1419	6.977	111136	907	64.7
969.7824	0.55	359465	265	100
969.6997	0.555	54017	295	81.2
969.238	0.554	4643	287	40.8
968.9238	0.556	184884	306	98.8
968.0096	0.803	43052	646	37.2
967.0071	0.669	224031	588	67.9
967.0069	0.476	83619	8	45
963.7806	0.521	43241	97	60
962.7025	0.556	306430	307	80
959.8293	0.522	62417	108	76.4
959.111	3.602	239787	711	100
958.1282	1.317	32248	678	80
958.127	1.267	16861	677	50.2
957.7623	0.543	51528	219	99.7
957.1909	1.354	1030368	684	100
957.1543	1.078	41504	670	80
957.1442	3.363	251094	707	100
957.1219	5.642	160861	775	80
956.978	0.657	311937	575	97.4
956.9775	0.891	75906	655	60.6
955.4867	0.599	4527	506	41.6
953.8214	0.517	17224	56	48.4
952.7645	0.524	33929	127	60
950.4092	0.606	24234	534	80.8
949.7143	0.559	511774	329	80
948.6109	0.573	66732	417	68
947.6588	0.565	13624	367	64.8
946.5759	0.57	16085	397	72.5
945.7954	0.514	8062	42	34.8
945.7226	0.535	41009	181	95.5
944.8751	0.519	12788	79	38.8
943.3821	0.598	12005	499	46
941.9095	0.514	11767	41	36.7
941.6685	0.564	42585	364	95.8
940.8268	0.52	16467	92	60
938.753	0.549	51895	255	98.6
935.8337	0.522	27156	103	98.3
935.5884	0.573	104517	419	72
935.2538	0.553	5723	284	35
931.8803	0.517	45768	65	100
931.6959	0.492	15671	13	33.4
930.7085	0.556	124773	301	80
929.5178	0.614	29186	561	100
927.9325	0.551	13319457	266	100
926.0252	3.321	18727	699	100
925.5241	0.618	32408	568	79.7
925.4533	0.581	34482	462	74.6
923.3855	0.592	8019	475	33.5
922.5003	0.612	8108	556	60
921.9144	0.422	174753	5	51.4
921.9142	0.549	158827	254	100
921.8534	0.532	165913	173	97.2
921.7289	0.559	59094	331	72.8
920.4166	0.595	14533	489	44.5
917.7732	0.535	57605	182	100
916.8691	0.514	9159	40	32.1
916.6516	0.57	47659	400	63.2
916.5973	0.575	11864	427	61.6
914.9002	0.518	22661	70	60
911.8246	0.549	373438	250	100
910.9565	0.563	1309619	350	100
909.9839	11.779	46838	1554	80.2
908.6262	0.617	25590	566	67.5
907.3559	0.603	19372	522	60
907.3444	0.527	4490	146	37.5
906.5574	11.559	22942	1397	78.6
905.9358	0.53	30600	169	78.5
905.8211	0.521	66836	100	68.1
904.0436	3.323	31134	702	100
901.8696	0.519	38691	82	93.2
897.8091	0.536	43984	185	55.4
897.546	0.603	9548	524	35
895.8547	0.527	22847	149	91.6
894.9823	0.574	89599	424	79.5
892.7808	0.518	29075	74	60
892.567	0.655	30147	573	80
891.7358	0.558	655071	314	80
889.6452	0.57	100791	401	87
886.6669	0.565	19371	368	60
885.7614	0.53	69059	166	100
883.7071	0.562	31302	347	99.1
883.4181	0.598	17278	500	60
882.0621	3.324	51671	704	100
880.4396	0.602	9159	515	74.5
879.0093	0.603	8982	523	51.2
877.8642	0.519	24554	89	77.9
877.6299	0.572	145463	409	64.7
877.4184	0.602	19234	518	82.5
874.8316	0.524	20388	126	73.3
873.9839	0.747	5204	611	50.5
873.9236	0.517	215467	64	74.2
873.4475	0.599	27471	503	75
868.735	0.559	133038	325	75
867.5652	0.612	148800	557	98.6
866.8217	0.518	54368	76	69.5
863.895	0.528	542477	155	94.2
863.4208	0.593	15928	481	35
862.7596	0.545	15833	229	58.7
860.6692	0.754	4648	621	62.9
859.4898	0.607	34173	544	60.5
858.8041	0.523	47543	117	60
856.6977	0.564	103746	357	74.2
856.4396	0.601	10031	513	43.3
855.4984	0.658	55106	576	69.3
853.8665	0.546	1388299	239	97.2
853.6148	0.577	31121	447	60
851.5888	6.686	32668	876	65.3
851.3947	0.601	45868	512	100
850.642	0.575	8199	426	60
850.5649	0.583	13388	467	35
849.0292	0.606	17209	538	37.8
847.7871	0.551	201619	271	100
845.8447	0.516	46839	49	54.7
844.5795	0.572	4759	416	42.8
843.9127	0.516	101574	50	94.9
839.8578	0.558	262597	315	100
839.6699	0.565	22349	366	69.6
837.8927	0.554	43397	286	100
837.7589	0.558	422624	316	100
837.674	0.564	45630	359	54
837.5888	6.694	78070	882	80
836.8233	0.516	19748	52	49
835.8992	0.534	24975	176	100
834.9188	0.76	26505	631	100
831.7564	0.527	50604	148	60
831.6828	0.566	198152	373	60
830.4984	0.605	241359	530	100
827.8049	0.524	73958	125	73.7
827.4964	0.603	28954	526	80
826.7469	0.497	6339	17	37.3
825.4596	0.603	16742	525	67.2
824.4849	0.602	6425	516	41.9
823.7257	0.555	65677	299	80
822.4178	0.597	38230	496	35.7
821.6531	0.566	355503	372	68.9
819.5253	0.937	5421	659	31.2
819.4773	0.596	20438	491	38.2
816.8664	0.515	17069	45	74.3
815.7016	0.554	24534	290	98.4
815.4865	0.593	43993	482	60
813.1173	4.626	39605	736	66.2
812.7529	0.564	22034	354	97.3
811.8674	0.526	33598	138	60
810.1086	4.648	45714	737	81.2
805.9366	0.537	1694078	188	97.9
802.8055	0.523	48531	118	57
802.5212	0.6	12550	507	35
801.6506	0.679	33586	601	100
800.8572	11.74	108776	1520	100
800.6124	11.775	9332	1547	58.6
800.4845	11.688	5178	1459	30.2
800.4552	0.592	17381	476	39
799.8576	0.521	41991	95	73.6
799.7184	0.757	17266	625	50.6
798.7372	0.563	122834	351	77.7
798.681	0.571	30919	407	63.2
797.7461	11.561	18221	1400	63.7
797.5413	0.656	69414	574	79.9
797.3647	11.816	13096	1579	49.2
797.1139	11.92	18732	1595	51.9
795.9076	0.551	6283306	272	100
795.429	0.603	265365	521	100
794.6656	0.572	15320	414	70.5
791.7007	0.56	13911	335	60
790.6431	0.579	14669	456	37.3
789.8288	0.547	157448	246	97.8
788.9605	0.558	153344	322	97
788.8713	0.531	44343	170	60
787.1113	11.65	12708	1438	66
786.9864	11.622	14264	1428	55.8
785.759	0.561	55681	342	60
784.844	0.515	11448	46	30.5
784.5854	0.582	15771	464	40.7
782.8701	0.524	18878	129	54.3
781.6253	0.608	7871	547	40.7
779.8	0.557	324698	312	100
779.6088	0.582	6287	463	37.2
778.9415	0.559	416294	330	100
776.9612	0.759	28747	630	100
773.7231	0.566	171324	371	69.3
773.518	0.864	4453	653	44
769.9437	0.765	14708	643	87
769.8459	0.522	126775	110	67.5
768.5373	0.609	6576	551	44.2
768.4771	0.597	13856	495	35
766.5085	0.599	7194	504	60
765.463	0.598	7118	498	33.4
763.6942	0.567	272787	384	77
763.3517	11.814	13281	1576	32.7
761.7943	0.507	20930	24	35
760.9648	0.555	64481	298	80
760.6931	0.567	12930	383	61.2
759.8931	0.493	27700	14	43.7
757.6135	0.58	53113	459	76.9
757.5277	0.596	18469	492	35
755.8752	0.514	8752	43	63.3
751.927	0.514	38258	37	85.1
751.6469	0.619	72477	570	95.5
750.8564	0.519	13330	80	38.5
749.7737	0.551	4836	270	41.8
749.5867	0.583	35379	465	93.7
749.1131	11.706	5112	1462	37.6
745.8014	0.507	7062	23	57.1
744.8441	0.519	27462	91	65.6
743.7907	0.534	8276	174	37
741.8988	0.517	109789	63	93.6
741.7578	0.764	20838	640	60
741.7215	0.569	54154	394	70.7
741.6945	0.677	60451	599	100
740.7725	0.541	5608	203	43.2
739.6913	0.578	9934	453	46.1
739.581	0.655	121841	572	100
737.9494	0.542	14760541	207	99.5
736.7503	0.553	14374	282	38.6
735.7157	0.571	17467	405	71.7
733.6662	0.577	19711	440	68.9
733.4773	0.602	159441	519	99.8
731.9303	0.55	109311	261	100
731.87	0.54	416845	197	99.2
729.7812	0.564	14455	355	69.4
728.6712	11.168	67570	1328	100
728.6683	0.576	13206	434	46.2
727.7886	0.555	23354	300	60
727.5228	0.901	7841	658	31.8
726.0196	0.753	30707	618	100
722.5656	0.6	7909	510	59.2
721.9169	0.512	51114	29	35
721.8414	0.552	960100	279	100
721.0976	11.732	17520	1483	64.9
720.9736	0.558	1360887	317	100
720.0775	3.317	52837	696	100
719.8507	0.508	14411	26	60
719.0025	0.758	40171	626	100
716.5763	0.853	8435	650	34.1
715.7632	0.564	169371	363	87
714.5803	0.609	112667	549	100
714.0606	3.317	18120	694	100
713.5614	0.895	30120	656	51.1
712.2069	11.815	17596	1578	61.5
711.9856	0.762	21346	635	100
711.8894	0.519	131400	85	92.1
711.6584	11.855	12159	1590	38
711.5892	0.608	21198	545	80
711.5412	11.727	49385	1469	41.2
711.2133	11.733	92830	1490	60
710.8763	11.743	67670	1524	82
709.5906	0.602	8053	520	60
709.3183	11.596	38903	1409	44.5
709.217	11.528	34014	1390	58.6
707.8333	0.552	143185	276	96.9
707.6456	0.577	15060	441	66.2
707.5978	0.59	7994	470	30.8
707.5498	0.598	5586	497	33.5
707.5438	11.611	7571	1424	34.7
706.5429	11.763	149931	1538	84.6
706.4385	11.61	12332	1423	61.5
705.7342	0.566	268737	376	75.1
705.6084	0.854	8424	651	30.7
704.9998	0.572	54094	413	70.2
703.756	0.568	28141	387	51.7
703.3191	11.737	10430	1503	33.8
701.7623	11.715	20309	1464	60
700.8772	11.729	27159	1472	60
700.1175	11.737	22207	1507	45.6
699.6566	0.58	146124	460	99.5
699.5678	0.597	22519	494	54.8
698.7558	0.764	17206	641	60
698.0956	3.32	210001	697	100
697.7154	0.571	5815	404	38
697.0205	0.759	43193	629	100
692.1094	1.1	34494	671	100
691.8647	0.504	21973	20	40
691.6246	0.579	153265	458	98.7
689.7666	0.561	82648	343	60
688.0763	5.893	44356	794	55.4
687.9051	0.479	16455	9	53.3
687.423	10.288	18824	1241	38.1
685.9213	9.517	17707	1156	76.6
685.6138	0.606	22998	537	54.5
685.502	0.609	18796	550	48.9
683.9404	0.517	278487	53	78.7
683.7355	0.678	52221	600	100
683.509	0.605	30735	531	78.5
682.0549	0.757	28445	623	100
681.8342	0.504	22422	21	48
681.6237	0.659	132853	577	100
680.7285	0.575	6242	431	48.5
680.085	3.323	38624	703	87
678.0907	11.369	7503	1360	40.1
677.5143	0.605	199117	529	80
676.114	3.321	743305	700	100
675.0377	0.758	26922	628	100
674.704	0.577	16368	445	60
673.9117	0.535	1003080	179	100
671.6778	0.576	13388	439	54
670.6989	0.578	5721	451	52.7
669.8327	0.519	19486	90	78.1
663.8831	0.547	2763451	245	100
659.9152	0.762	22210	636	98
659.801	0.564	67424	361	69.6
658.103	3.334	166097	705	100
657.9389	0.548	59979	248	71.4
657.6187	0.608	30446	546	80
656.1072	1.328	50173	680	100
655.9451	0.513	83215	33	100
654.6232	0.611	46812	555	100
653.9297	0.493	66533	16	69.4
652.1034	1.329	54208	681	100
651.6367	0.6	6896	508	54
650.9006	0.765	36540	642	80
650.5834	0.599	12356	505	35
650.0751	3.9	28857	724	68.7
649.8775	0.55	225382	264	95.3
649.7573	6.434	14253	847	65.4
647.9128	0.47	13809	7	52.9
647.7755	0.567	220456	381	87
647.5509	0.594	33303	486	34.9
645.9164	0.535	250462	180	100
643.694	0.581	72069	461	90.9
643.0672	3.607	20786	713	51.3
642.6812	11.732	25940	1484	80
641.6088	0.595	22190	487	62
640.2832	11.739	32981	1514	54.7
639.6566	0.576	13706	433	76.5
639.4909	11.768	13167	1543	82.2
639.0863	9.585	11638	1158	75.2
638.9035	0.743	26181	609	95.3
638.0898	11.785	58037	1563	62.9
637.2893	11.677	28342	1451	52.9
637.1893	11.601	11948	1418	32.6
636.6918	11.777	27694	1548	60
636.2273	10.434	21576	1264	37.4
635.4924	11.594	8316	1406	55
635.1923	11.571	99724	1402	57.6
634.8913	11.538	233967	1391	64.7
634.1252	1.334	132747	682	100
627.6586	0.662	22189	580	78.2
627.5428	0.608	18515	548	34
625.7775	0.677	53080	598	100
623.8791	0.503	17104	18	38.8
623.7147	0.99	17733	663	76.1
621.6679	0.66	196969	579	100
619.8536	0.505	10243	22	36.8
617.5588	0.604	331003	528	80
615.9531	0.525	2366990	135	94.4
615.8313	0.546	22945	237	55.1
612.1432	1.334	609338	683	100
611.8725	0.518	31536	78	70.8
607.6053	0.897	24766	657	76.7
605.9242	0.543	4748216	221	100
602.657	0.618	29625	569	69.6
599.9592	0.762	73487	638	100
599.9215	0.507	27780	25	35.3
599.8456	0.558	304406	323	79.7
598.9776	0.557	153518	311	80
597.9567	11.158	15375	1323	34.9
593.708	10.199	19767	1230	74.2
592.942	0.762	46722	637	100
591.8563	0.489	17650	12	31.3
589.9502	0.557	128805	309	100
589.8923	0.513	52755	31	46.2
589.817	0.564	604996	358	80
587.9615	0.757	17652	624	44.5
587.9579	0.514	108762	39	81.9
585.8495	0.749	50262	613	91.2
585.6475	0.601	11151	514	48.8
582.8465	0.763	42535	639	79.5
581.6541	0.593	36992	480	64.5
579.864	0.526	95473	137	100
577.4158	8.785	11049	1085	37.7
576.835	0.761	63217	632	100
570.4836	7.958	19565	1007	85.6
567.8192	0.675	55211	597	100
567.6318	0.591	19375	472	48.9
564.9583	0.737	10829	605	35.3
563.709	0.663	209814	583	100
561.9443	0.51	62369	27	50.9
551.9155	0.517	160326	59	60
547.9655	0.534	4178801	177	100
541.9473	0.551	88867	269	42.9
541.887	0.549	697251	253	94.3
541.0591	3.317	55638	695	100
540.6974	0.97	23108	661	80
539.6934	0.853	28852	649	98
534.9834	0.761	131361	633	100
533.0723	9.106	12756	1116	47.7
531.9334	0.503	35134	19	36.9
531.8585	0.559	1991107	328	100
530.9905	0.559	161527	327	100
530.003	0.734	56048	604	100
526.6967	0.611	21186	554	54
525.9704	0.234	570467	2	63.7
525.918	0.513	30631	32	68.6
525.8939	0.752	135286	615	100
523.6957	0.596	24411	493	58.6
522.9859	0.748	21905	612	100
521.8728	0.779	18056	644	77.5
521.8691	0.73	12391	603	46
518.8764	0.761	123824	634	100
516.5796	5.774	24810	782	45
515.6641	0.592	34171	474	54.2
513.8917	0.542	157108	215	100
513.6669	0.591	41147	473	61.5
511.7406	0.668	18096	587	48.9
511.6699	0.593	38293	479	54.4
509.6294	0.605	50368	532	77.1
508.0213	0.738	60693	607	100
507.8631	0.675	97403	596	100
505.7506	0.664	241378	585	100
503.9389	0.487	49617	10	39.6
503.7395	0.583	13348	466	52.7
502.5828	4.416	1183455	733	100
493.957	0.512	192617	28	69.9
492.5918	3.398	23701	709	80
487.6622	0.607	16354	539	77.4
486.7392	0.617	17859	567	80
483.9286	0.535	790302	183	92.8
482.9098	0.782	11852	645	49.4
479.961	0.756	5937	622	35.2
479.736	0.854	26593	652	75
474.5616	6.362	8352	826	33.4
473.9001	0.556	2034907	304	100
467.9348	0.752	222918	614	100
463.9467	1.165	192333	673	44.4
463.9467	0.488	76070	11	72.9
460.9175	0.746	73758	610	80
460.9157	0.89	3877	654	36
455.7083	0.592	32078	478	57.6
449.9042	0.675	105095	595	100
447.8396	0.995	95935	664	80
447.7918	0.662	207519	581	100
443.815	0.575	9582	428	47.4
437.9381	0.752	33320	617	100
429.7217	5.248	34893	761	70.9
426.7835	0.621	17606	571	80
425.9698	0.519	352939	87	68.9
421.8901	0.517	24069	58	63.2
420.0051	0.754	54061	620	100
419.8926	0.513	22194	34	35.9
415.9412	0.551	2877989	268	98.7
411.8264	1.251	22960	676	36.4
409.9764	0.754	363150	619	100
409.8626	0.573	324843	422	98.5
402.959	0.758	142755	627	100
401.831	0.573	561673	418	100
397.9751	0.493	405756	15	97.4
396.0483	4.994	36837	753	69.3
391.9459	0.673	100852	593	99.4
391.7147	0.61	28447	552	80
389.8336	0.664	224765	584	100
377.82	0.66	15930	578	34.1
375.9846	0.737	114400	606	100
369.7497	0.6	14111	511	60.8
367.9903	1.001	210600	665	55.3
367.9901	0.405	238245	4	32.1
367.8891	0.551	18544	274	67.6
363.9288	0.523	38916	119	55.6
358.9859	1.134	188888	672	51.9
357.9829	0.542	25172408	213	96.8
357.9828	0.116	983059	1	44.5
352.0176	0.752	1397674	616	100
351.9961	1.02	968540	667	56.8
351.996	0.817	209995	647	32.2
351.9042	0.572	165900	415	90.9